因作息与室友矛盾，想去安静的地方租个房子住。求洞友推荐晚上10点安静的地方，不知道穗石村如何？另，如果有休息比较早的女生愿意合租，我非常愿意。	5	1	2018-04-07 08:57:18
0.0 0.0 0.0 0.0 0.0 0.0 0.0 0.0 0.0 0.0 0.0 0.069 0.0 0.0 0.0 0.0 0.0 0.0 0.0 0.0 0.0 0.0 0.0 0.0 0.0 0.0 0.0 0.0 0.0 0.0
三元里师姐准备去实习要卖书啦 解剖图谱35 其余10块一本 除了这些之外还有中医内科学和温病学 需要的话评论咯 我私聊你 还需要其他书也可以留言 我问一下舍友有没有	12	0	2018-04-07 09:33:18
0.155 0.129 0.0 0.0 0.0 0.0 0.0 0.0 0.076 0.076 0.0 0.0 0.0 0.0 0.0 0.0 0.0 0.0 0.062 0.0 0.055 0.0 0.0 0.0 0.0 0.0 0.0 0.0 0.0 0.048
一年前 离开大学城时我的单车交给了广中医i栋微信平台然后，至今渺无音讯当初的推文也删除了…当时那个收车的女孩那么诚恳 、真挚…	6	0	2018-04-07 09:38:18
0.0 0.0 0.123 0.0 0.0 0.0 0.0 0.0 0.0 0.0 0.076 0.0 0.0 0.0 0.0 0.0 0.0 0.0 0.0 0.0 0.0 0.0 0.0 0.0 0.0 0.0 0.0 0.0 0.0 0.0
以前穿地摊货只吃学校饭堂的舍友，不美不高但十分贤惠，交了男朋友以后，送这送那送外卖，生活水平急剧上升，可以说是遇到对的人了哈哈哈	3	14	2018-04-07 10:04:18
0.0 0.0 0.0 0.0 0.0 0.0 0.0 0.0 0.0 0.0 0.0 0.0 0.0 0.0 0.0 0.0 0.0 0.0 0.0 0.0 0.055 0.0 0.0 0.0 0.0 0.0 0.0 0.0 0.0 0.0
坐标三元里，课本、伤寒论、各类习题集出售。课本15元，习题集5元，有需要的给我留言哈。	1	0	2018-04-07 14:39:26
0.0 0.129 0.0 0.0 0.0 0.0 0.0 0.0 0.0 0.0 0.0 0.0 0.069 0.0 0.0 0.062 0.0 0.0 0.0 0.0 0.0 0.0 0.0 0.0 0.0 0.0 0.0 0.0 0.0 0.048
有人想要林允小姐姐推荐的同款懒人眼影吗！！加我微信领取呗 13250662654	1	1	2018-04-07 15:27:26
0.0 0.0 0.0 0.0 0.0 0.0 0.083 0.0 0.0 0.0 0.0 0.0 0.0 0.0 0.0 0.0 0.0 0.062 0.0 0.0 0.0 0.055 0.0 0.0 0.0 0.0 0.0 0.0 0.0 0.0
明天4月8日晚18点50有一场讲座 有人代听吗 钱酬 有事走不开 有意评论或者点赞 跪求	4	2	2018-04-07 17:28:26
0.155 0.0 0.0 0.0 0.0 0.0 0.083 0.0 0.0 0.0 0.0 0.0 0.0 0.0 0.0 0.0 0.0 0.0 0.0 0.0 0.0 0.0 0.0 0.0 0.0 0.0 0.0 0.0 0.048 0.0
今天去我家超市旁边买鸡蛋饼  看到两只苍蝇掉进粥里 以为阿姨会把它们捞出来 没想到她用勺子搅拌了几下2333333	6	1	2018-04-07 21:43:25
0.0 0.0 0.0 0.0 0.0 0.0 0.0 0.0 0.0 0.0 0.0 0.0 0.0 0.0 0.0 0.0 0.0 0.0 0.0 0.062 0.0 0.0 0.0 0.0 0.0 0.0 0.0 0.0 0.0 0.0
4.20林俊杰深圳演唱会结束求一人拼车回大学城，有意请评论，没有我过会儿再来。（PS：我也是朋友转的票，没有多的了QAQ深圳两场十连跪的飘过…）	1	0	2018-04-07 21:52:25
0.155 0.0 0.123 0.103 0.0 0.0 0.0 0.0 0.0 0.0 0.0 0.0 0.0 0.0 0.0 0.0 0.0 0.0 0.0 0.0 0.0 0.0 0.0 0.0 0.0 0.0 0.0 0.0 0.048 0.0
借男哥吐槽一下自修室图书馆某些“学习的情侣”，还有那些总喜欢发出奇怪声响的“高素质”人才	6	2	2018-04-07 23:11:25
0.0 0.0 0.0 0.0 0.0 0.096 0.0 0.0 0.0 0.0 0.0 0.0 0.0 0.0 0.0 0.0 0.0 0.0 0.0 0.0 0.0 0.0 0.0 0.0 0.0 0.0 0.0 0.0 0.0 0.0
三元里师姐一些杂七杂八的书出售。课本有些10元，有些5元，公共营养师和伤寒论10元，习题集（诊基、方剂、伤寒论）免费送啦。需要的话就评论吧，我私聊你。	3	0	2018-04-08 10:59:24
0.155 0.129 0.0 0.0 0.0 0.0 0.0 0.0 0.076 0.0 0.0 0.0 0.069 0.0 0.0 0.0 0.0 0.0 0.062 0.0 0.0 0.0 0.0 0.0 0.0 0.0 0.0 0.0 0.0 0.0
求小姐姐毕业照时帮忙化妆，价钱好商量！评论我找你～	8	0	2018-04-08 11:20:24
0.155 0.0 0.0 0.0 0.0 0.0 0.0 0.0 0.0 0.0 0.0 0.0 0.0 0.0 0.0 0.0 0.0 0.0 0.0 0.0 0.0 0.055 0.055 0.0 0.0 0.0 0.0 0.0 0.0 0.0
提问:男生有什么地方（时候）会让女生加（减）分～～	13	0	2018-04-08 12:32:24
0.0 0.0 0.0 0.0 0.0 0.0 0.0 0.0 0.0 0.0 0.0 0.069 0.0 0.0 0.0 0.0 0.0 0.0 0.0 0.0 0.0 0.0 0.0 0.0 0.0 0.0 0.0 0.0 0.0 0.0
有人出电动车吗？想要一部电池可以拔出来充电的电动车	1	0	2018-04-08 15:43:24
0.0 0.0 0.0 0.0 0.0 0.0 0.083 0.076 0.0 0.0 0.0 0.0 0.0 0.0 0.0 0.0 0.0 0.062 0.0 0.0 0.0 0.0 0.0 0.0 0.0 0.0 0.0 0.0 0.0 0.0
4.15长隆水上乐园免门票充场招聘配合主办方，活动结束后仍可留在园区内游玩。免门票进场，包餐包水，而且现场会有众多明星大咖如杨洋等要女生，需要穿比基尼（主办方提供），年满16周岁，身高1.56以上。报名加微信T94444备注长隆充场	2	1	2018-04-08 17:14:24
0.0 0.0 0.0 0.0 0.0 0.0 0.0 0.0 0.0 0.0 0.0 0.069 0.0 0.0 0.0 0.0 0.0 0.0 0.0 0.0 0.0 0.0 0.0 0.0 0.0 0.0 0.0 0.0 0.0 0.0
广中医的亲们，报名学校的普通话考试，有几个问题。1.通过率怎么样啊？2.需要自己另外购买教材么？买的话用的是图中的这本么？有知道的回复个，感谢帮忙(❁´ω`❁)	6	1	2018-04-08 21:52:23
0.0 0.0 0.0 0.0 0.0 0.0 0.0 0.0 0.0 0.0 0.076 0.0 0.0 0.0 0.0 0.0 0.0 0.0 0.0 0.062 0.0 0.0 0.0 0.0 0.0 0.0 0.0 0.0 0.0 0.0
坐标A栋 今天丢了一份饭 一份水果 偷外卖的请原地爆炸（最好不要被我抓到哦 要不然我一定当场报警 让这个记录永远存在于你的档案中 不开玩笑的）	3	0	2018-04-08 22:22:23
0.0 0.0 0.0 0.103 0.0 0.0 0.0 0.0 0.0 0.0 0.0 0.0 0.0 0.0 0.0 0.062 0.0 0.0 0.0 0.0 0.0 0.0 0.0 0.0 0.0 0.0 0.0 0.0 0.0 0.0
大学城出四六级耳机一副￥6.00(送电池一对)要想的小伙伴快来评论吧！	1	4	2018-04-09 11:04:23
0.155 0.0 0.123 0.0 0.0 0.0 0.0 0.076 0.0 0.0 0.0 0.0 0.0 0.0 0.0 0.0 0.0 0.0 0.0 0.0 0.0 0.0 0.0 0.0 0.0 0.0 0.0 0.0 0.0 0.0
有谁是日本代购，急需要一套化妆品，请私聊我微信18148729051	1	0	2018-04-09 16:46:22
0.0 0.0 0.0 0.103 0.0 0.0 0.0 0.0 0.0 0.0 0.0 0.0 0.0 0.0 0.0 0.0 0.0 0.0 0.062 0.0 0.0 0.0 0.0 0.0 0.0 0.0 0.0 0.0 0.0 0.0
参加了工作白天没有时间复习怎么考研。下午下班回家都累，怎么坚持？	2	0	2018-04-09 17:26:22
0.0 0.0 0.0 0.0 0.0 0.0 0.0 0.0 0.0 0.0 0.0 0.0 0.0 0.0 0.0 0.0 0.0 0.0 0.0 0.0 0.0 0.0 0.0 0.055 0.0 0.0 0.0 0.0 0.0 0.0
大学城里有愿意来做心理学实验被试的男同学吗？时间为这周末（14,15号），任一时间，只要你有空来。实验简单，时间为30分钟左右。结束后还有被试费和精美礼品。备注:实验真的很简单！有兴趣的快来咨询，电话16620149538。	3	0	2018-04-09 17:37:22
0.0 0.0 0.0 0.0 0.0 0.0 0.0 0.0 0.0 0.0 0.0 0.0 0.0 0.0 0.0 0.0 0.0 0.0 0.0 0.0 0.0 0.0 0.0 0.0 0.0 0.0 0.0 0.048 0.0 0.0
广中医已毕业的师兄师姐创业项目入围挑战杯省赛，因成员繁忙，希望招募一位在校合伙人处理一些创业比赛事宜。也可以自行选择参与学习公司运营产品开发设计商务洽谈多种渠道销售网络运营等等。希望招到一位类似于CEO的人。vx：13751708765	2	1	2018-04-09 19:41:22
0.0 0.0 0.0 0.0 0.0 0.0 0.0 0.0 0.076 0.0 0.076 0.0 0.0 0.0 0.0 0.0 0.0 0.0 0.0 0.0 0.0 0.0 0.055 0.0 0.0 0.0 0.0 0.0 0.0 0.0
请问有广中医马克思主义学院思政专业的拟录取或者在读研究生吗?本人后天复试调剂到这专业，想咨询一下，急求，请留言联系方式！	1	1	2018-04-09 21:31:22
0.0 0.0 0.0 0.103 0.103 0.0 0.0 0.0 0.0 0.0 0.076 0.0 0.0 0.0 0.0 0.0 0.0 0.0 0.0 0.0 0.0 0.0 0.0 0.0 0.0 0.0 0.0 0.0 0.0 0.048
大学城出英专书籍若干3元一本/:sun/:sun/:sun欢迎点赞或评论	2	1	2018-04-10 09:12:22
0.155 0.0 0.123 0.0 0.0 0.0 0.0 0.0 0.0 0.076 0.0 0.0 0.069 0.0 0.0 0.0 0.0 0.0 0.0 0.0 0.0 0.0 0.0 0.0 0.0 0.0 0.048 0.0 0.0 0.0
出第七版牛津字典一本￥20.00可议价	3	0	2018-04-10 09:14:22
0.0 0.0 0.0 0.0 0.0 0.0 0.0 0.076 0.0 0.076 0.0 0.0 0.0 0.0 0.0 0.0 0.0 0.0 0.0 0.0 0.0 0.0 0.0 0.0 0.0 0.0 0.0 0.0 0.0 0.0
五月中旬有没有想在三元里村租房的？单间，安全干净，因为要去见习想要转租三个月	3	2	2018-04-10 10:24:21
0.0 0.129 0.0 0.0 0.0 0.0 0.0 0.0 0.0 0.0 0.0 0.0 0.0 0.0 0.0 0.0 0.0 0.062 0.0 0.0 0.0 0.0 0.0 0.0 0.0 0.0 0.0 0.0 0.0 0.0
出售书籍啦，中诊五块一本，傲世宝典（2017）五块一本，人解图谱35一本，其余十五块一本，中药送快快，针灸送习题集，外科学和中医外科学送考试重点和整理的往届试题。坐标三元里，大学城的可以送过去。有意者请联系13418175417	1	0	2018-04-10 10:29:21
0.0 0.129 0.123 0.103 0.0 0.0 0.0 0.0 0.0 0.076 0.0 0.0 0.0 0.0 0.0 0.062 0.0 0.0 0.0 0.0 0.0 0.0 0.0 0.0 0.055 0.0 0.048 0.0 0.0 0.0
5.8毕业照，征收一位跟拍，价格好商量，哈哈，有意评论留下联系方式	2	0	2018-04-10 11:50:17
0.155 0.0 0.0 0.0 0.0 0.0 0.0 0.0 0.0 0.0 0.0 0.0 0.0 0.0 0.069 0.0 0.0 0.0 0.0 0.0 0.0 0.0 0.055 0.0 0.0 0.0 0.0 0.0 0.048 0.0
那些说冤冤相报的想太多了吧，因为耳朵听力不好，说了平时不喜欢戴耳机，也不是因为想报仇，平时就喜欢看电视，那既然舍友都不管自己煲电话粥影响别人，那我何苦要委屈自己？是这样子吗？	2	2	2018-04-10 13:03:16
0.0 0.0 0.0 0.0 0.0 0.096 0.0 0.0 0.0 0.0 0.0 0.0 0.0 0.0 0.0 0.0 0.0 0.0 0.0 0.0 0.055 0.0 0.0 0.0 0.0 0.0 0.0 0.0 0.0 0.0
0 19考研的师弟师妹看过来，考研参考书和复习资料大甩卖啦！！！  中国药科大学药理学资料、四川大学华西药学院资料，详细书目和价格看下图。PS:所售资料提供售后服务。联系方式：微信   qiaoyamin188;QQ1009227657。	2	0	2018-04-10 16:42:16
0.0 0.0 0.0 0.0 0.0 0.0 0.0 0.0 0.0 0.0 0.0 0.0 0.0 0.0 0.069 0.0 0.0 0.0 0.0 0.0 0.0 0.0 0.0 0.055 0.0 0.0 0.0 0.048 0.0 0.0
出中药综合，政治，英语考研资料，价格好商量，书价的2折左右。广中医本校的，有意者加QQ2496749715，备注考研资料。	3	0	2018-04-10 17:28:16
0.0 0.0 0.0 0.0 0.0 0.0 0.0 0.076 0.0 0.0 0.076 0.0 0.0 0.0 0.069 0.0 0.0 0.0 0.0 0.0 0.0 0.0 0.0 0.055 0.055 0.0 0.0 0.0 0.0 0.0
请各位不要在图书馆的书上书写做笔记好吗，用铅笔画了不擦掉留着给我擦吗？	2	0	2018-04-10 18:03:16
0.0 0.0 0.0 0.103 0.0 0.0 0.0 0.0 0.0 0.0 0.0 0.0 0.0 0.0 0.0 0.0 0.0 0.0 0.0 0.0 0.0 0.0 0.0 0.0 0.0 0.0 0.0 0.0 0.0 0.0
大学城求借一件小号女装正装，请吃饭或者奶茶！！！	1	1	2018-04-10 18:24:16
0.0 0.0 0.123 0.103 0.0 0.0 0.0 0.0 0.0 0.0 0.0 0.0 0.0 0.0 0.0 0.0 0.0 0.0 0.0 0.0 0.0 0.0 0.0 0.0 0.0 0.0 0.0 0.0 0.0 0.0
遇到一个从长相到人品等各方面都十分优秀的男生，优秀到让我觉得他没有缺点，可能唯一的缺点就是他不喜欢我，哈哈！每天都希望见到他，哪怕一句话不说都很开心，就喜欢默默地望着他的背影发呆，超安心！虽然讲出来他也看不到，但是已经很满足啦！啦啦啦~	2	8	2018-04-10 22:41:16
0.0 0.0 0.0 0.0 0.0 0.096 0.0 0.0 0.0 0.0 0.0 0.0 0.0 0.0 0.0 0.0 0.0 0.0 0.0 0.0 0.0 0.0 0.0 0.0 0.0 0.0 0.0 0.0 0.0 0.0
旧书出售，坐标三元里，此外还有两本组胚，一本医免，一本医学文献检索，全部十元一本。喜欢的话给我留言吧	2	0	2018-04-11 07:37:15
0.0 0.129 0.0 0.0 0.0 0.096 0.0 0.0 0.0 0.076 0.0 0.0 0.0 0.0 0.0 0.062 0.0 0.0 0.0 0.0 0.0 0.0 0.0 0.0 0.0 0.0 0.0 0.0 0.0 0.048
请阮玉同学来门诊部拿回你的身份证，有人捡到交给了门诊部一楼挂号厅	1	0	2018-04-11 09:10:15
0.0 0.0 0.0 0.103 0.0 0.0 0.083 0.0 0.0 0.0 0.0 0.0 0.0 0.069 0.0 0.0 0.0 0.0 0.0 0.0 0.0 0.0 0.0 0.0 0.0 0.0 0.0 0.0 0.0 0.0
明天晚上七点的“琵琶大师”杏林大讲堂，有有空的同学吗？10元请你帮我去听一下可以吗？人到就行！	4	0	2018-04-11 10:02:15
0.0 0.0 0.0 0.103 0.0 0.0 0.0 0.0 0.0 0.0 0.0 0.0 0.069 0.069 0.0 0.0 0.0 0.0 0.0 0.0 0.0 0.0 0.0 0.0 0.0 0.0 0.0 0.0 0.0 0.0
舍友被某女生神秘暗示以后不敢再理她，怕被误解对其有意思，震惊，没有感情经历的我真的无法理解他们的世界	2	2	2018-04-11 11:09:15
0.0 0.0 0.0 0.0 0.0 0.0 0.0 0.0 0.0 0.0 0.0 0.069 0.0 0.0 0.0 0.0 0.0 0.0 0.0 0.0 0.055 0.0 0.0 0.0 0.0 0.0 0.0 0.0 0.0 0.0
周日去香港啦啦啦～有小伙伴需要买东西的吗～需要的可以➕微信：13631263820 价格优惠丫丫～	1	0	2018-04-11 11:35:15
0.0 0.0 0.0 0.0 0.0 0.0 0.0 0.0 0.0 0.0 0.0 0.0 0.0 0.0 0.069 0.0 0.0 0.0 0.0 0.062 0.0 0.0 0.0 0.0 0.0 0.0 0.0 0.0 0.0 0.0
三元里小区，交电新村三房一厅出租一个小房，限女生，现有三个女生，都是在一附院工作的，家私电器都有，空调洗衣机冰箱都齐全，只要500一间房！！！有意点赞或评论	1	4	2018-04-11 13:04:59
0.155 0.129 0.0 0.0 0.0 0.0 0.0 0.0 0.0 0.0 0.0 0.069 0.0 0.0 0.0 0.0 0.0 0.0 0.0 0.0 0.0 0.0 0.0 0.0 0.0 0.0 0.0 0.0 0.048 0.0
想问下广中医大学城校医室网上哪个网址可以挂号？	1	0	2018-04-12 10:16:14
0.0 0.0 0.123 0.0 0.0 0.0 0.0 0.0 0.0 0.0 0.076 0.0 0.0 0.0 0.0 0.0 0.0 0.0 0.0 0.0 0.0 0.0 0.0 0.0 0.0 0.0 0.0 0.0 0.0 0.0
请问有没有想7月份之后想在国际楼合租一年左右，要求女的，不能太邋遢，没什么不良嗜好就可以了！或者有没有女生找合租的也可以在底下评论	4	2	2018-04-12 11:01:14
0.155 0.0 0.0 0.0 0.103 0.0 0.0 0.0 0.0 0.0 0.0 0.069 0.0 0.0 0.0 0.0 0.0 0.0 0.0 0.0 0.0 0.0 0.0 0.0 0.0 0.0 0.0 0.0 0.0 0.0
大学城出英专书籍若干3元一本/:sun/:sun/:sun欢迎点赞或评论	1	0	2018-04-12 12:30:14
0.155 0.0 0.123 0.0 0.0 0.0 0.0 0.0 0.0 0.076 0.0 0.0 0.069 0.0 0.0 0.0 0.0 0.0 0.0 0.0 0.0 0.0 0.0 0.0 0.0 0.0 0.048 0.0 0.0 0.0
请问有没有人代写中医方面的总结的呀 内容不多 价格100起 有意向的请留言	2	1	2018-04-13 00:26:14
0.0 0.0 0.0 0.103 0.103 0.0 0.0 0.0 0.0 0.0 0.0 0.0 0.0 0.0 0.069 0.0 0.0 0.0 0.0 0.0 0.0 0.0 0.0 0.0 0.0 0.0 0.0 0.0 0.0 0.048
请问广中医什么时候开空调，实在是热得睡不着，凌晨两点了，凉凉	1	1	2018-04-13 01:49:14
0.0 0.0 0.0 0.0 0.103 0.0 0.0 0.0 0.0 0.0 0.076 0.0 0.0 0.0 0.0 0.0 0.0 0.0 0.0 0.0 0.0 0.0 0.0 0.0 0.0 0.0 0.0 0.0 0.0 0.0
喜欢上一个人可以给你满满正能量，也能让你负能量爆表，每一天过得都是那么漫长	1	4	2018-04-13 06:36:14
0.0 0.0 0.0 0.0 0.0 0.096 0.0 0.0 0.0 0.0 0.0 0.0 0.0 0.0 0.0 0.0 0.0 0.0 0.0 0.0 0.0 0.0 0.0 0.0 0.0 0.0 0.0 0.0 0.0 0.0
有同学方便出上网账号吗？4.14-4.17一共四天每天一块。大四老师姐要上网又不想浪费充一个月，方便的同学私聊我，一楼是我，谢谢[鬼脸二]	2	1	2018-04-13 06:43:14
0.0 0.0 0.0 0.0 0.0 0.0 0.0 0.0 0.0 0.0 0.0 0.0 0.0 0.069 0.0 0.0 0.0 0.0 0.062 0.0 0.0 0.0 0.0 0.0 0.0 0.0 0.0 0.0 0.0 0.0
泰国mistine粉底液 防汗控油效果很好 剩一半 闲置[钱]15出	4	0	2018-04-13 08:33:14
0.0 0.0 0.0 0.0 0.0 0.0 0.0 0.076 0.0 0.0 0.0 0.0 0.0 0.0 0.0 0.0 0.0 0.0 0.0 0.0 0.0 0.0 0.0 0.0 0.0 0.0 0.0 0.0 0.0 0.0
请问13届中西医的林泽师兄有女朋友吗？[Smirk][Smirk]	2	0	2018-04-13 10:29:14
0.0 0.0 0.0 0.0 0.103 0.0 0.0 0.0 0.0 0.0 0.0 0.0 0.0 0.0 0.0 0.0 0.0 0.0 0.0 0.0 0.0 0.0 0.0 0.0 0.0 0.0 0.0 0.0 0.0 0.0
出一个全新日版rosette海泥洗面奶，右边那个是全新的！包装都没撕。松本清69两只入手，要的30那走吧。有意评论哦	3	0	2018-04-13 10:31:08
0.155 0.0 0.0 0.0 0.0 0.0 0.0 0.076 0.0 0.0 0.0 0.0 0.0 0.0 0.0 0.0 0.0 0.0 0.0 0.0 0.0 0.0 0.0 0.0 0.0 0.0 0.0 0.0 0.048 0.0
本人女，五月份要跟诊暂定跟一个月，请问三元里校区同学有女生宿舍床位出租吗可交付适当租金。谢谢！	1	0	2018-04-13 11:45:13
0.0 0.129 0.0 0.0 0.103 0.0 0.0 0.0 0.0 0.0 0.0 0.0 0.0 0.069 0.0 0.0 0.0 0.0 0.0 0.0 0.0 0.0 0.0 0.0 0.0 0.0 0.0 0.0 0.0 0.0
纯银耳夹耳钉有喜欢的吗？没耳洞也可以美美美！如果有喜欢的话，风华国贸卖好不好？[Smart][Smart]	15	0	2018-04-14 11:28:07
0.0 0.0 0.0 0.0 0.0 0.096 0.0 0.0 0.0 0.0 0.0 0.0 0.0 0.0 0.0 0.0 0.0 0.0 0.0 0.0 0.0 0.0 0.0 0.0 0.0 0.048 0.0 0.0 0.0 0.0
纯银耳夹耳钉有喜欢的吗？没耳洞也可以美美美！如果有喜欢的话，风华国贸卖好不好？[Smart][Smart]发不了图的绝望呀！	4	1	2018-04-14 11:30:06
0.0 0.0 0.0 0.0 0.0 0.096 0.0 0.0 0.0 0.0 0.0 0.0 0.0 0.0 0.0 0.0 0.0 0.0 0.0 0.0 0.0 0.0 0.0 0.0 0.0 0.048 0.0 0.0 0.0 0.0
每次你靠近我我就心跳加速脑袋短路！喜欢你和我讲话时眼神对视，喜欢你嘴角上扬45°的笑容，喜欢运动的你，喜欢安静的你，喜欢偷偷看你，喜欢跟你去任何地方，喜欢陪你做任何事，喜欢你喜欢的一切！最重要的是，喜欢你！	3	3	2018-04-14 11:50:06
0.0 0.0 0.0 0.0 0.0 0.096 0.0 0.0 0.0 0.0 0.0 0.0 0.0 0.0 0.0 0.0 0.0 0.0 0.0 0.0 0.0 0.0 0.0 0.0 0.0 0.0 0.0 0.0 0.0 0.0
本人18考研失利，现准备二战，但最近实在没心情学习，所以准备先找个工作，等到毕业后辞职复习，我这样做错了吗？	6	2	2018-04-14 12:28:06
0.0 0.0 0.0 0.0 0.0 0.0 0.0 0.0 0.0 0.0 0.0 0.0 0.0 0.0 0.0 0.0 0.0 0.0 0.0 0.0 0.0 0.0 0.055 0.055 0.0 0.0 0.0 0.0 0.0 0.0
小哥哥我昨天好累啊，想要一个拥抱的表情包和一句晚安，因为我还要满血复活。	7	1	2018-04-15 00:39:58
0.0 0.0 0.0 0.0 0.0 0.0 0.0 0.0 0.0 0.0 0.0 0.0 0.0 0.0 0.0 0.0 0.0 0.062 0.0 0.0 0.0 0.0 0.0 0.0 0.0 0.0 0.0 0.0 0.0 0.0
真的很不喜欢把心事都藏心里，每天偷偷哭泣的朋友啊，这会让我觉得是自己的错，很罪恶，是我自己做得不够好，朋友才会什么都不告诉自己，可是我已经尽力了。其实每次都好痛苦，这种友情对于我来说，是种折磨。	3	1	2018-04-15 00:56:58
0.0 0.0 0.0 0.0 0.0 0.096 0.0 0.0 0.0 0.0 0.0 0.0 0.0 0.0 0.0 0.0 0.0 0.0 0.0 0.0 0.0 0.0 0.0 0.0 0.0 0.0 0.0 0.0 0.0 0.0
小姐姐们，去年摆摊剩下的鞋子现在全部亏本15块一双！25块两双啦！经过验证，质量超级无敌赞！ps我的一双穿到现在没烂！摊位A5[强壮][强壮]就是那个有猫有耳钉有耳夹有帽子有布包有胸针有挂饰的小姐姐！！！	2	0	2018-04-15 09:39:58
0.0 0.0 0.0 0.0 0.0 0.0 0.0 0.0 0.0 0.0 0.0 0.0 0.0 0.0 0.0 0.0 0.0 0.0 0.0 0.0 0.0 0.055 0.0 0.0 0.0 0.0 0.0 0.0 0.0 0.0
希望学校不要再为了赚钱在jk栋楼下整这些乱七八糟的东西扰民^_^呵呵，一个美好的周末全被毁了，快毕业了，对广中医的失望点真是十个手指都数不完。手动微笑[微笑]	5	3	2018-04-15 11:18:57
0.0 0.0 0.0 0.0 0.0 0.0 0.0 0.0 0.0 0.0 0.076 0.0 0.0 0.0 0.0 0.0 0.0 0.0 0.0 0.0 0.0 0.0 0.055 0.0 0.0 0.0 0.0 0.0 0.0 0.0
十块钱拿走！泰国mistine牛奶卸妆乳，淡淡的牛奶味，卸妆干净温和。大概还剩四十毫升左右吧，买了很多卸妆水用不上这个了。十块钱拿走吧！我在一楼	1	0	2018-04-15 12:56:57
0.0 0.0 0.0 0.0 0.0 0.0 0.0 0.0 0.0 0.0 0.0 0.0 0.0 0.0 0.0 0.0 0.0 0.0 0.0 0.062 0.0 0.0 0.0 0.0 0.0 0.0 0.0 0.0 0.0 0.0
（点外卖是不可能点的，这辈子都不可能点的hh）三元里也有人偷外卖啦，坐标9栋，大家小心哟	4	0	2018-04-15 13:16:57
0.0 0.129 0.0 0.0 0.0 0.0 0.083 0.0 0.0 0.0 0.0 0.0 0.0 0.0 0.0 0.062 0.0 0.0 0.0 0.0 0.0 0.0 0.0 0.0 0.0 0.0 0.0 0.0 0.0 0.0
有128g的苹果二手机吗？我想买，评论留颜色价格，我私信你	1	1	2018-04-16 10:04:50
0.155 0.0 0.0 0.0 0.0 0.0 0.0 0.0 0.0 0.0 0.0 0.0 0.0 0.0 0.069 0.0 0.0 0.0 0.0 0.062 0.0 0.0 0.0 0.0 0.0 0.0 0.0 0.0 0.0 0.0
偷外卖的我祝你爸你妈出门被车撞，如果没有实现你得考虑下你是不是你爸你妈亲生的了/::)(还以为大学期间人品爆棚不会遇到这种事结果在最后一学期给遇到了，真的很生气/::))	1	3	2018-04-16 12:25:49
0.0 0.0 0.0 0.0 0.0 0.0 0.0 0.0 0.0 0.0 0.0 0.0 0.0 0.0 0.0 0.0 0.0 0.0 0.0 0.0 0.0 0.0 0.0 0.0 0.0 0.0 0.0 0.048 0.0 0.0
为什么有些女生会用自己的身体换取自己想要的东西？这样真的值得吗？出来社会后好像居然慢慢快要被同化，逐渐认同这种事情？还是我已经完全麻木了	7	2	2018-04-16 14:18:48
0.0 0.0 0.0 0.0 0.0 0.0 0.0 0.0 0.0 0.0 0.0 0.069 0.0 0.0 0.0 0.0 0.0 0.062 0.0 0.0 0.0 0.0 0.0 0.0 0.0 0.0 0.0 0.0 0.0 0.0
刚刚是我没说清楚，请问临床预备课考核是现场抽签的吗？谢谢～	1	0	2018-04-16 20:18:07
0.0 0.0 0.0 0.0 0.103 0.0 0.0 0.0 0.0 0.0 0.0 0.0 0.0 0.0 0.0 0.0 0.0 0.0 0.0 0.0 0.0 0.0 0.0 0.0 0.0 0.0 0.0 0.0 0.0 0.0
有人出中药煲吗？或者有人代煎中药吗？[Facepalm]急需	1	0	2018-04-16 21:20:07
0.0 0.0 0.0 0.0 0.0 0.0 0.083 0.076 0.0 0.0 0.0 0.0 0.0 0.0 0.0 0.0 0.0 0.0 0.0 0.0 0.0 0.0 0.0 0.0 0.0 0.0 0.0 0.0 0.0 0.0
舍友的劣质拖鞋很臭，臭到我不通风就想干呕。我该怎么劝说让她换一双？前提是舍友很敏感平时还有点过分节俭。	4	0	2018-04-16 23:03:07
0.0 0.0 0.0 0.0 0.0 0.0 0.0 0.0 0.0 0.0 0.0 0.0 0.0 0.0 0.0 0.0 0.0 0.0 0.0 0.0 0.055 0.0 0.0 0.0 0.0 0.0 0.0 0.0 0.0 0.0
