有小姐姐一起跑内环吗？本人女！real女！每天跑步互相监督的那种	2	0	2018-04-08 18:39:24
0.0 0.0 0.0 0.0 0.0 0.0 0.0 0.0 0.0 0.0 0.0 0.0 0.0 0.0 0.0 0.0 0.0 0.0 0.0 0.0 0.0 0.055 0.0 0.0 0.0 0.0 0.0 0.0 0.0 0.0
大学城/:sun/:sun/:sun转卖英专专业书籍，3元一本转卖书包一个，￥5.00转卖悬挂站立两面镜一个，在miniso买的，有轻微瑕疵。￥8.00所有商品可议价，希望有缘人把她们带走吧/:rose/:rose/:rose	2	1	2018-04-09 10:02:23
0.0 0.0 0.123 0.0 0.0 0.0 0.0 0.0 0.0 0.076 0.0 0.0 0.069 0.0 0.0 0.0 0.0 0.0 0.0 0.062 0.0 0.0 0.0 0.0 0.0 0.0 0.0 0.0 0.0 0.0
有人知道2018款ipad香港报价吗[可爱] [可爱] 求知道的大佬告知一声	1	1	2018-04-09 10:28:23
0.0 0.0 0.0 0.0 0.0 0.0 0.083 0.0 0.0 0.0 0.0 0.0 0.0 0.0 0.0 0.0 0.0 0.0 0.0 0.0 0.0 0.0 0.0 0.0 0.0 0.0 0.0 0.0 0.0 0.0
要搬宿舍了，有同学需要琶音琴行的古筝吗？	1	2	2018-04-09 10:51:23
0.0 0.0 0.0 0.0 0.0 0.0 0.0 0.0 0.0 0.0 0.0 0.0 0.0 0.069 0.0 0.0 0.062 0.0 0.0 0.0 0.0 0.0 0.0 0.0 0.0 0.0 0.0 0.0 0.0 0.0
请问14号有人去广东岭南职业技术学院考试吗？有人打算一起租房吗？本人男。有意评论。	2	1	2018-04-09 12:49:23
0.155 0.0 0.0 0.0 0.103 0.0 0.083 0.0 0.0 0.0 0.0 0.0 0.0 0.0 0.0 0.0 0.0 0.0 0.0 0.0 0.0 0.0 0.0 0.0 0.0 0.0 0.0 0.0 0.048 0.0
我好像已经有购物狂症状了，控制不住自己线上线下狂买狂剁手，有什么办法可以治	7	1	2018-04-09 18:26:22
0.0 0.0 0.0 0.0 0.0 0.0 0.0 0.0 0.0 0.0 0.0 0.0 0.0 0.0 0.0 0.0 0.0 0.0 0.0 0.062 0.0 0.0 0.0 0.0 0.0 0.0 0.0 0.0 0.0 0.0
出售书籍啦，中诊五块一本，傲世宝典（2017）五块一本，人解图谱35一本，其余十五块一本，中药送快快，针灸送习题集，外科学和中医外科学送考试重点和整理的往届试题。坐标三元里，大学城的可以送过去。有意者请联系13418175417	4	0	2018-04-10 10:35:21
0.0 0.129 0.123 0.103 0.0 0.0 0.0 0.0 0.0 0.076 0.0 0.0 0.0 0.0 0.0 0.062 0.0 0.0 0.0 0.0 0.0 0.0 0.0 0.0 0.055 0.0 0.048 0.0 0.0 0.0
大四师姐实习离校带不走书籍，有需要的师弟师妹收留，课本10元一本，龙凤诀快快必背速记5元一本，大学城校区可在星期三星期五拿书，三元里校区随时都可以，在下方评论即可，我私聊你	2	2	2018-04-10 13:01:16
0.155 0.129 0.123 0.0 0.0 0.0 0.0 0.0 0.076 0.076 0.0 0.0 0.069 0.0 0.0 0.0 0.0 0.0 0.062 0.0 0.0 0.0 0.0 0.0 0.0 0.0 0.048 0.0 0.0 0.0
大家怎么看待室友在宿舍只要有空就和男朋友视频吧啦吧啦的不停声音还不小？？？	4	3	2018-04-10 22:16:16
0.0 0.0 0.0 0.0 0.0 0.0 0.0 0.0 0.0 0.0 0.0 0.0 0.0 0.0 0.0 0.0 0.062 0.0 0.0 0.0 0.0 0.0 0.0 0.0 0.0 0.0 0.0 0.0 0.0 0.0
今年风华国贸有同学有摊位需要合租的吗？小姐姐想带儿子来卖小鱼干呀[Smirk][Smirk][Smirk]对，没错，就是去年那只小网红[幽灵][幽灵][幽灵]	3	0	2018-04-11 12:58:15
0.0 0.0 0.0 0.0 0.0 0.0 0.0 0.0 0.0 0.0 0.0 0.0 0.0 0.069 0.0 0.0 0.0 0.0 0.0 0.0 0.0 0.055 0.0 0.0 0.0 0.048 0.0 0.0 0.0 0.0
有師兄師姐三元里有大單間轉租嗎？請評論或按讚	1	0	2018-04-11 18:17:59
0.0 0.129 0.0 0.0 0.0 0.0 0.0 0.0 0.0 0.0 0.0 0.0 0.0 0.0 0.0 0.0 0.0 0.0 0.0 0.0 0.0 0.0 0.0 0.0 0.0 0.0 0.0 0.0 0.0 0.0
五月中旬有没有想要租房的？一小单间想要转租三四个月，租金会比原租金便宜哦！	5	1	2018-04-16 11:19:50
0.0 0.0 0.0 0.0 0.0 0.0 0.0 0.0 0.0 0.0 0.0 0.0 0.0 0.0 0.0 0.0 0.0 0.062 0.0 0.0 0.0 0.0 0.0 0.0 0.0 0.0 0.0 0.0 0.0 0.0
