5.25星海音乐厅中孝介演唱会有小伙伴会去吗？想要找个伴[眼泪] 佛系女孩第一次想要去听演唱会[眼泪]	2	0	2018-04-08 11:22:24
0.0 0.0 0.0 0.0 0.0 0.0 0.0 0.0 0.0 0.0 0.0 0.0 0.0 0.0 0.0 0.0 0.0 0.062 0.0 0.0 0.0 0.0 0.0 0.0 0.0 0.0 0.0 0.0 0.0 0.0
请问有大三大四的师兄师姐打算卖二手单车的吗~七成新以上 价格面谈 有意者请联系:916223781	2	2	2018-04-09 13:06:23
0.0 0.0 0.0 0.103 0.103 0.0 0.0 0.0 0.076 0.0 0.0 0.0 0.0 0.0 0.069 0.0 0.0 0.0 0.0 0.0 0.0 0.0 0.0 0.0 0.055 0.048 0.0 0.0 0.0 0.0
有人出温通膏吗？多少钱一支，想收购五六只，坐标三元里	3	0	2018-04-09 23:22:22
0.0 0.129 0.0 0.0 0.0 0.0 0.083 0.0 0.0 0.0 0.0 0.0 0.0 0.0 0.0 0.062 0.0 0.0 0.0 0.0 0.0 0.0 0.0 0.0 0.0 0.0 0.0 0.0 0.0 0.0
问个问题，如果每天你在宿舍写论文的时候舍友每天都会和男友电话，每次打电话半小时一个多小时都有，而且音量是正常的不会故意小声有时候甚至大喊大叫。那想问，舍友在写论文的时候我能外放看电视吗，因为平时不喜欢戴耳机，这没毛病吧？	7	2	2018-04-10 12:38:17
0.0 0.0 0.0 0.0 0.0 0.096 0.0 0.0 0.0 0.0 0.0 0.0 0.0 0.0 0.0 0.0 0.062 0.0 0.0 0.0 0.055 0.0 0.0 0.0 0.0 0.0 0.0 0.0 0.0 0.0
请问有考研录取了广东省第二中医院的小仙女吗？本人广中医学生，想提前组一下宿舍，之前咨询过师姐关于宿舍的问题，希望能找到早睡爱清洁待人友好的同学一起组宿舍（3人），有意愿请在下方留言哦，感谢～	1	0	2018-04-10 19:05:16
0.0 0.0 0.0 0.103 0.103 0.0 0.0 0.0 0.076 0.0 0.076 0.0 0.0 0.069 0.0 0.0 0.062 0.0 0.0 0.0 0.0 0.0 0.0 0.055 0.0 0.0 0.0 0.0 0.0 0.048
大学城到三元里的校车早晨几点发车啊，知道的同学麻烦评论一下，非常感谢了[飞吻] [飞吻] [飞吻]	4	0	2018-04-10 21:48:16
0.155 0.129 0.123 0.0 0.0 0.0 0.0 0.0 0.0 0.0 0.0 0.0 0.0 0.069 0.0 0.0 0.0 0.0 0.0 0.0 0.0 0.0 0.0 0.0 0.0 0.0 0.0 0.0 0.0 0.0
so…男生一般是喜欢御姐型还是小小的可爱型？	14	0	2018-04-11 18:51:15
0.0 0.0 0.0 0.0 0.0 0.096 0.0 0.0 0.0 0.0 0.0 0.0 0.0 0.0 0.0 0.0 0.0 0.0 0.0 0.0 0.0 0.0 0.0 0.0 0.0 0.0 0.0 0.0 0.0 0.0
求美瞳！300度-600度都行，日抛或者周抛都行，要自然点的例如棕色，全新无散光的哦，有囤货的小仙女麻烦出一副让我应急谢谢~	4	1	2018-04-11 20:59:15
0.0 0.0 0.0 0.0 0.0 0.0 0.0 0.076 0.0 0.0 0.0 0.0 0.0 0.0 0.0 0.0 0.0 0.0 0.0 0.0 0.0 0.0 0.0 0.0 0.0 0.0 0.0 0.0 0.0 0.0
确认过眼神，你是我友人爱情有一见钟情，友谊却没类似描述。高中时，即使同性偶然相遇有那种感觉，虽说没就此认识，但基数小，很容易因为身边人认识而大学，好像与异性的一见钟情就只有爱情，搭讪似乎不理智分享各自专业不同点等，有空慢慢聊可能成友	3	5	2018-04-11 22:56:15
0.0 0.0 0.0 0.0 0.0 0.0 0.0 0.0 0.0 0.0 0.0 0.0 0.0 0.0 0.0 0.0 0.0 0.0 0.0 0.0 0.0 0.0 0.0 0.0 0.0 0.0 0.0 0.048 0.0 0.0
请问三元里有师兄师姐转租房子的吗？学生宿舍单间那种也行。	2	1	2018-04-12 11:54:14
0.0 0.129 0.0 0.0 0.103 0.0 0.0 0.0 0.076 0.0 0.0 0.0 0.0 0.0 0.0 0.0 0.0 0.0 0.0 0.0 0.0 0.0 0.0 0.0 0.0 0.0 0.0 0.0 0.0 0.0
接上条，舍友臭拖鞋。舍友很敏感，如果送她一双会觉得我们看不起她觉得她穷。而且我觉得送一对60块左右的拖鞋（本人觉得好一点不臭的鞋）对于我来说还是有点肉痛。	9	0	2018-04-16 16:58:07
0.0 0.0 0.0 0.0 0.0 0.0 0.0 0.0 0.0 0.0 0.0 0.0 0.0 0.0 0.0 0.0 0.0 0.0 0.0 0.0 0.055 0.0 0.0 0.0 0.0 0.0 0.0 0.0 0.0 0.0
