您求一台迷你小冰箱，一个人用的就可以，若有人转卖，可以在下面评论~感谢	3	0	2018-04-07 14:38:26
0.155 0.0 0.0 0.0 0.0 0.0 0.083 0.0 0.0 0.0 0.0 0.0 0.0 0.0 0.0 0.0 0.0 0.0 0.0 0.0 0.0 0.0 0.0 0.0 0.0 0.0 0.0 0.0 0.0 0.0
18考研出资料，英语单词书、作文书等等，想要的师弟师妹赶来收走呀，宿舍已无它容身之处。	9	0	2018-04-08 08:59:24
0.0 0.0 0.0 0.0 0.0 0.0 0.0 0.0 0.0 0.0 0.0 0.0 0.0 0.0 0.0 0.0 0.062 0.062 0.0 0.0 0.0 0.0 0.0 0.055 0.0 0.0 0.0 0.0 0.0 0.0
走在贝岗街买了一堆水果，可是卖水果那个人脾气那么差，没有人会知道你在经历着怎么样困难的不可预测的处境，往往想到陌生人都对你如此恶劣，有可能因为陌生人的不友好成为压死骆驼的最后一根稻草。	5	1	2018-04-09 16:28:22
0.0 0.0 0.0 0.0 0.0 0.0 0.0 0.0 0.0 0.0 0.0 0.0 0.0 0.0 0.0 0.0 0.0 0.0 0.0 0.062 0.0 0.0 0.0 0.0 0.0 0.048 0.0 0.0 0.0 0.0
哪个大四的小姐姐可以卖洗衣机吗？拯救拯救四只可怜的小朋友。	1	2	2018-04-09 21:50:22
0.0 0.0 0.0 0.0 0.0 0.0 0.0 0.0 0.0 0.0 0.0 0.0 0.0 0.0 0.0 0.0 0.0 0.0 0.0 0.0 0.0 0.055 0.0 0.0 0.0 0.048 0.0 0.0 0.0 0.0
需要温通膏的和筋骨可以找我哟，温通膏涨价1.5，筋骨价格不变，非诚勿扰哈，一楼是我/::D	2	0	2018-04-10 06:46:22
0.0 0.0 0.0 0.0 0.0 0.0 0.0 0.0 0.0 0.0 0.0 0.0 0.0 0.0 0.069 0.0 0.0 0.0 0.0 0.0 0.0 0.0 0.0 0.0 0.0 0.0 0.0 0.0 0.0 0.0
因资金周转不灵，出小涴熊电煮锅全新一个(拆快递为了拍照...)广中医(大学城校区35元)，其他地方包邮40出，有意者评论找我	3	1	2018-04-10 12:40:17
0.155 0.0 0.123 0.0 0.0 0.0 0.0 0.076 0.0 0.0 0.076 0.0 0.069 0.0 0.0 0.0 0.0 0.0 0.0 0.0 0.0 0.0 0.0 0.0 0.055 0.0 0.0 0.0 0.0 0.0
大四师姐实习离校带不走书籍，有需要的师弟师妹收留，课本10元一本，龙凤诀快快必背速记5元一本，大学城校区可在星期三星期五拿书，三元里校区随时都可以，在下方评论即可，我私聊你	5	0	2018-04-10 12:47:17
0.155 0.129 0.123 0.0 0.0 0.0 0.0 0.0 0.076 0.076 0.0 0.0 0.069 0.0 0.0 0.0 0.0 0.0 0.062 0.0 0.0 0.0 0.0 0.0 0.0 0.0 0.048 0.0 0.0 0.0
有人试过网上再签注港澳通行证选择快递的吗？是要支付签证费后才会过来收证吗？大概什么时候会上门收快递？求解答	3	2	2018-04-10 12:52:16
0.0 0.0 0.0 0.0 0.0 0.0 0.083 0.0 0.0 0.0 0.0 0.0 0.0 0.0 0.0 0.0 0.0 0.0 0.0 0.0 0.0 0.0 0.0 0.0 0.0 0.0 0.0 0.0 0.0 0.0
老师姐试着再发一下：三元里实验室需要一名助理，实验内容简单，每天只要去一下帮忙照顾动物敢抓动物负责任即可，顺利的话20天左右就结束，酬劳400，你也可以学到东西锻炼能力，欢迎骚扰376748693（vx）	1	0	2018-04-11 00:01:15
0.0 0.129 0.0 0.0 0.0 0.0 0.0 0.0 0.0 0.0 0.0 0.0 0.0 0.0 0.0 0.0 0.0 0.0 0.0 0.0 0.0 0.0 0.0 0.0 0.0 0.0 0.0 0.0 0.0 0.0
小公主马上要生小宝宝了，有喜欢美短可以找我呀！[幽灵]妈妈是起司，爸爸是标斑！	1	0	2018-04-11 13:01:15
0.0 0.0 0.0 0.0 0.0 0.096 0.0 0.0 0.0 0.0 0.0 0.0 0.0 0.0 0.0 0.0 0.0 0.0 0.0 0.0 0.0 0.0 0.0 0.0 0.0 0.0 0.0 0.0 0.0 0.0
请问大学城有女生租床位吗？现在开始租到9月份，本人好相处，无不良嗜好。有意者请评论，私聊你，谢谢！急！！	3	1	2018-04-11 13:41:15
0.155 0.0 0.123 0.103 0.103 0.0 0.0 0.0 0.0 0.0 0.0 0.069 0.0 0.0 0.0 0.0 0.0 0.0 0.062 0.0 0.0 0.0 0.0 0.0 0.055 0.0 0.0 0.0 0.0 0.0
大五师姐毕业季要拍宿舍写真，有没有高手愿意承接拍摄，价格可议。要求：女生，自备相机，坐标三元里。有意者留下评论我私信你。	3	0	2018-04-11 16:33:15
0.155 0.129 0.0 0.0 0.0 0.0 0.0 0.0 0.076 0.0 0.0 0.069 0.0 0.0 0.069 0.062 0.062 0.0 0.0 0.0 0.0 0.0 0.055 0.0 0.055 0.0 0.0 0.0 0.0 0.0
听说大学会发对象，请问什么时候发，再不发就毕业啦……	11	0	2018-04-11 18:42:15
0.0 0.0 0.0 0.0 0.103 0.0 0.0 0.0 0.0 0.0 0.0 0.0 0.0 0.0 0.0 0.0 0.0 0.0 0.0 0.0 0.0 0.0 0.055 0.0 0.0 0.0 0.0 0.048 0.0 0.0
请问哪位童鞋在学校办理过签证护照通行证？户口在外地，在读研究生。感谢/:rose/:rose/:rose	2	0	2018-04-12 10:30:14
0.0 0.0 0.0 0.0 0.103 0.0 0.0 0.0 0.0 0.0 0.0 0.0 0.0 0.0 0.0 0.0 0.0 0.0 0.0 0.0 0.0 0.0 0.0 0.0 0.0 0.0 0.0 0.0 0.0 0.0
其实我还喜欢你，说放弃不过为了让你不那么困扰。可是你好像有女朋友了，我是不是应该祝你幸福，那你一定要幸福哦，也希望有一天我可以不再那么喜欢你，我有在努力的了，假如有一天你发现她不是对的人，你还会看得到我吗？	5	2	2018-04-14 00:37:08
0.0 0.0 0.0 0.0 0.0 0.096 0.0 0.0 0.0 0.0 0.0 0.0 0.0 0.0 0.0 0.0 0.0 0.0 0.0 0.0 0.0 0.0 0.0 0.0 0.0 0.0 0.0 0.0 0.0 0.0
好想谈恋爱，大学四年一个人研究生三年不想再一个人，你在哪里啊男朋友！	11	5	2018-04-14 02:11:07
0.0 0.0 0.0 0.0 0.0 0.0 0.0 0.0 0.0 0.0 0.0 0.0 0.0 0.0 0.0 0.0 0.0 0.0 0.0 0.0 0.0 0.0 0.0 0.0 0.0 0.0 0.0 0.048 0.0 0.0
二院大四即将实习，有考研打算，想问省中医和五邑怎么样？省中医轮院，大学城住宿?	1	0	2018-04-16 00:33:51
0.0 0.0 0.123 0.0 0.0 0.0 0.0 0.0 0.0 0.0 0.0 0.0 0.0 0.0 0.0 0.0 0.0 0.0 0.0 0.0 0.0 0.0 0.0 0.055 0.0 0.0 0.0 0.0 0.0 0.0
医保被定在外面的小点了，可以用同学的医保挂同学的号然后我去看吗？大学城校医室~	1	1	2018-04-16 09:22:50
0.0 0.0 0.123 0.0 0.0 0.0 0.0 0.0 0.0 0.0 0.0 0.0 0.0 0.069 0.0 0.0 0.0 0.0 0.0 0.0 0.0 0.0 0.0 0.0 0.0 0.0 0.0 0.0 0.0 0.0
刚吃着个无穷鸡翅，咽下去的时候有条骨头卡在喉咙里，眼泪水都出了来，后来拼命咽才好不容易咽下去了，估计食道是不是已经划伤了，呜呜[大哭]	1	1	2018-04-16 11:49:50
0.0 0.0 0.0 0.0 0.0 0.0 0.0 0.076 0.0 0.0 0.0 0.0 0.0 0.0 0.0 0.0 0.0 0.0 0.0 0.0 0.0 0.0 0.0 0.0 0.0 0.0 0.0 0.0 0.0 0.0
天天在宿舍煲药，煲半天的那种，会不会超出很多电费啊，怕被室友嫌弃。	6	0	2018-04-16 13:08:49
0.0 0.0 0.0 0.0 0.0 0.0 0.0 0.0 0.0 0.0 0.0 0.0 0.0 0.0 0.0 0.0 0.062 0.0 0.0 0.0 0.0 0.0 0.0 0.0 0.0 0.0 0.0 0.0 0.0 0.0
师姐搬宿舍，泳镜泳帽就上课戴过几次，不超过十次，还很新，要的话价钱你们看着给。要的评论私聊。	1	0	2018-04-16 17:32:07
0.155 0.0 0.0 0.0 0.0 0.0 0.0 0.0 0.076 0.0 0.0 0.0 0.0 0.0 0.0 0.0 0.062 0.0 0.062 0.0 0.0 0.0 0.0 0.0 0.0 0.0 0.0 0.0 0.0 0.0
有没有一起出去玩互相拍照的小姐姐哇  本人妹子(◦˙▽˙◦)	2	0	2018-04-16 21:29:07
0.0 0.0 0.0 0.0 0.0 0.0 0.0 0.0 0.0 0.0 0.0 0.0 0.0 0.0 0.0 0.0 0.0 0.0 0.0 0.0 0.0 0.055 0.0 0.0 0.0 0.0 0.0 0.0 0.0 0.0
