0.0 0.0 0.0 0.0 0.0 0.0 0.0 0.0 0.0 0.0 0.0 0.069 0.0 0.0 0.0 0.0 0.0 0.0 0.0 0.0 0.0 0.0 0.0 0.0 0.0 0.0 0.0 0.0 0.0 0.0
因作息与室友矛盾，想去安静的地方租个房子住。求洞友推荐晚上10点安静的地方，不知道穗石村如何？另，如果有休息比较早的女生愿意合租，我非常愿意。
0.155 0.129 0.0 0.0 0.0 0.0 0.0 0.0 0.076 0.076 0.0 0.0 0.0 0.0 0.0 0.0 0.0 0.0 0.062 0.0 0.055 0.0 0.0 0.0 0.0 0.0 0.0 0.0 0.0 0.048
三元里师姐准备去实习要卖书啦 解剖图谱35 其余10块一本 除了这些之外还有中医内科学和温病学 需要的话评论咯 我私聊你 还需要其他书也可以留言 我问一下舍友有没有
0.0 0.0 0.123 0.0 0.0 0.0 0.0 0.0 0.0 0.0 0.076 0.0 0.0 0.0 0.0 0.0 0.0 0.0 0.0 0.0 0.0 0.0 0.0 0.0 0.0 0.0 0.0 0.0 0.0 0.0
一年前 离开大学城时我的单车交给了广中医i栋微信平台然后，至今渺无音讯当初的推文也删除了…当时那个收车的女孩那么诚恳 、真挚…
0.0 0.0 0.0 0.0 0.0 0.0 0.0 0.0 0.0 0.0 0.0 0.0 0.0 0.0 0.0 0.0 0.0 0.0 0.0 0.0 0.055 0.0 0.0 0.0 0.0 0.0 0.0 0.0 0.0 0.0
以前穿地摊货只吃学校饭堂的舍友，不美不高但十分贤惠，交了男朋友以后，送这送那送外卖，生活水平急剧上升，可以说是遇到对的人了哈哈哈
0.155 0.0 0.0 0.0 0.0 0.0 0.083 0.0 0.0 0.0 0.0 0.0 0.0 0.0 0.0 0.0 0.0 0.0 0.0 0.0 0.0 0.0 0.0 0.0 0.0 0.0 0.0 0.0 0.0 0.0
您求一台迷你小冰箱，一个人用的就可以，若有人转卖，可以在下面评论~感谢
0.0 0.129 0.0 0.0 0.0 0.0 0.0 0.0 0.0 0.0 0.0 0.0 0.069 0.0 0.0 0.062 0.0 0.0 0.0 0.0 0.0 0.0 0.0 0.0 0.0 0.0 0.0 0.0 0.0 0.048
坐标三元里，课本、伤寒论、各类习题集出售。课本15元，习题集5元，有需要的给我留言哈。
0.0 0.0 0.0 0.0 0.0 0.0 0.083 0.0 0.0 0.0 0.0 0.0 0.0 0.0 0.0 0.0 0.0 0.062 0.0 0.0 0.0 0.055 0.0 0.0 0.0 0.0 0.0 0.0 0.0 0.0
有人想要林允小姐姐推荐的同款懒人眼影吗！！加我微信领取呗 13250662654
0.155 0.0 0.0 0.0 0.0 0.0 0.083 0.0 0.0 0.0 0.0 0.0 0.0 0.0 0.0 0.0 0.0 0.0 0.0 0.0 0.0 0.0 0.0 0.0 0.0 0.0 0.0 0.0 0.048 0.0
明天4月8日晚18点50有一场讲座 有人代听吗 钱酬 有事走不开 有意评论或者点赞 跪求
0.0 0.0 0.0 0.0 0.0 0.0 0.0 0.0 0.0 0.0 0.0 0.0 0.0 0.0 0.0 0.0 0.0 0.0 0.0 0.062 0.0 0.0 0.0 0.0 0.0 0.0 0.0 0.0 0.0 0.0
今天去我家超市旁边买鸡蛋饼  看到两只苍蝇掉进粥里 以为阿姨会把它们捞出来 没想到她用勺子搅拌了几下2333333
0.155 0.0 0.123 0.103 0.0 0.0 0.0 0.0 0.0 0.0 0.0 0.0 0.0 0.0 0.0 0.0 0.0 0.0 0.0 0.0 0.0 0.0 0.0 0.0 0.0 0.0 0.0 0.0 0.048 0.0
4.20林俊杰深圳演唱会结束求一人拼车回大学城，有意请评论，没有我过会儿再来。（PS：我也是朋友转的票，没有多的了QAQ深圳两场十连跪的飘过…）
0.0 0.0 0.0 0.0 0.0 0.096 0.0 0.0 0.0 0.0 0.0 0.0 0.0 0.0 0.0 0.0 0.0 0.0 0.0 0.0 0.0 0.0 0.0 0.0 0.0 0.0 0.0 0.0 0.0 0.0
借男哥吐槽一下自修室图书馆某些“学习的情侣”，还有那些总喜欢发出奇怪声响的“高素质”人才
0.0 0.0 0.0 0.0 0.0 0.0 0.0 0.0 0.0 0.0 0.0 0.0 0.0 0.0 0.0 0.0 0.062 0.062 0.0 0.0 0.0 0.0 0.0 0.055 0.0 0.0 0.0 0.0 0.0 0.0
18考研出资料，英语单词书、作文书等等，想要的师弟师妹赶来收走呀，宿舍已无它容身之处。
0.155 0.129 0.0 0.0 0.0 0.0 0.0 0.0 0.076 0.0 0.0 0.0 0.069 0.0 0.0 0.0 0.0 0.0 0.062 0.0 0.0 0.0 0.0 0.0 0.0 0.0 0.0 0.0 0.0 0.0
三元里师姐一些杂七杂八的书出售。课本有些10元，有些5元，公共营养师和伤寒论10元，习题集（诊基、方剂、伤寒论）免费送啦。需要的话就评论吧，我私聊你。
0.155 0.0 0.0 0.0 0.0 0.0 0.0 0.0 0.0 0.0 0.0 0.0 0.0 0.0 0.0 0.0 0.0 0.0 0.0 0.0 0.0 0.055 0.055 0.0 0.0 0.0 0.0 0.0 0.0 0.0
求小姐姐毕业照时帮忙化妆，价钱好商量！评论我找你～
0.0 0.0 0.0 0.0 0.0 0.0 0.0 0.0 0.0 0.0 0.0 0.0 0.0 0.0 0.0 0.0 0.0 0.062 0.0 0.0 0.0 0.0 0.0 0.0 0.0 0.0 0.0 0.0 0.0 0.0
5.25星海音乐厅中孝介演唱会有小伙伴会去吗？想要找个伴[眼泪] 佛系女孩第一次想要去听演唱会[眼泪]
0.0 0.0 0.0 0.0 0.0 0.0 0.0 0.0 0.0 0.0 0.0 0.069 0.0 0.0 0.0 0.0 0.0 0.0 0.0 0.0 0.0 0.0 0.0 0.0 0.0 0.0 0.0 0.0 0.0 0.0
提问:男生有什么地方（时候）会让女生加（减）分～～
0.0 0.0 0.0 0.0 0.0 0.0 0.083 0.076 0.0 0.0 0.0 0.0 0.0 0.0 0.0 0.0 0.0 0.062 0.0 0.0 0.0 0.0 0.0 0.0 0.0 0.0 0.0 0.0 0.0 0.0
有人出电动车吗？想要一部电池可以拔出来充电的电动车
0.0 0.0 0.0 0.0 0.0 0.0 0.0 0.0 0.0 0.0 0.0 0.069 0.0 0.0 0.0 0.0 0.0 0.0 0.0 0.0 0.0 0.0 0.0 0.0 0.0 0.0 0.0 0.0 0.0 0.0
4.15长隆水上乐园免门票充场招聘配合主办方，活动结束后仍可留在园区内游玩。免门票进场，包餐包水，而且现场会有众多明星大咖如杨洋等要女生，需要穿比基尼（主办方提供），年满16周岁，身高1.56以上。报名加微信T94444备注长隆充场
0.0 0.0 0.0 0.0 0.0 0.0 0.0 0.0 0.0 0.0 0.0 0.0 0.0 0.0 0.0 0.0 0.0 0.0 0.0 0.0 0.0 0.055 0.0 0.0 0.0 0.0 0.0 0.0 0.0 0.0
有小姐姐一起跑内环吗？本人女！real女！每天跑步互相监督的那种
0.0 0.0 0.0 0.0 0.0 0.0 0.0 0.0 0.0 0.0 0.076 0.0 0.0 0.0 0.0 0.0 0.0 0.0 0.0 0.062 0.0 0.0 0.0 0.0 0.0 0.0 0.0 0.0 0.0 0.0
广中医的亲们，报名学校的普通话考试，有几个问题。1.通过率怎么样啊？2.需要自己另外购买教材么？买的话用的是图中的这本么？有知道的回复个，感谢帮忙(❁´ω`❁)
0.0 0.0 0.0 0.103 0.0 0.0 0.0 0.0 0.0 0.0 0.0 0.0 0.0 0.0 0.0 0.062 0.0 0.0 0.0 0.0 0.0 0.0 0.0 0.0 0.0 0.0 0.0 0.0 0.0 0.0
坐标A栋 今天丢了一份饭 一份水果 偷外卖的请原地爆炸（最好不要被我抓到哦 要不然我一定当场报警 让这个记录永远存在于你的档案中 不开玩笑的）
0.0 0.0 0.123 0.0 0.0 0.0 0.0 0.0 0.0 0.076 0.0 0.0 0.069 0.0 0.0 0.0 0.0 0.0 0.0 0.062 0.0 0.0 0.0 0.0 0.0 0.0 0.0 0.0 0.0 0.0
大学城/:sun/:sun/:sun转卖英专专业书籍，3元一本转卖书包一个，￥5.00转卖悬挂站立两面镜一个，在miniso买的，有轻微瑕疵。￥8.00所有商品可议价，希望有缘人把她们带走吧/:rose/:rose/:rose
0.0 0.0 0.0 0.0 0.0 0.0 0.083 0.0 0.0 0.0 0.0 0.0 0.0 0.0 0.0 0.0 0.0 0.0 0.0 0.0 0.0 0.0 0.0 0.0 0.0 0.0 0.0 0.0 0.0 0.0
有人知道2018款ipad香港报价吗[可爱] [可爱] 求知道的大佬告知一声
0.0 0.0 0.0 0.0 0.0 0.0 0.0 0.0 0.0 0.0 0.0 0.0 0.0 0.069 0.0 0.0 0.062 0.0 0.0 0.0 0.0 0.0 0.0 0.0 0.0 0.0 0.0 0.0 0.0 0.0
要搬宿舍了，有同学需要琶音琴行的古筝吗？
0.155 0.0 0.123 0.0 0.0 0.0 0.0 0.076 0.0 0.0 0.0 0.0 0.0 0.0 0.0 0.0 0.0 0.0 0.0 0.0 0.0 0.0 0.0 0.0 0.0 0.0 0.0 0.0 0.0 0.0
大学城出四六级耳机一副￥6.00(送电池一对)要想的小伙伴快来评论吧！
0.155 0.0 0.0 0.0 0.103 0.0 0.083 0.0 0.0 0.0 0.0 0.0 0.0 0.0 0.0 0.0 0.0 0.0 0.0 0.0 0.0 0.0 0.0 0.0 0.0 0.0 0.0 0.0 0.048 0.0
请问14号有人去广东岭南职业技术学院考试吗？有人打算一起租房吗？本人男。有意评论。
0.0 0.0 0.0 0.103 0.103 0.0 0.0 0.0 0.076 0.0 0.0 0.0 0.0 0.0 0.069 0.0 0.0 0.0 0.0 0.0 0.0 0.0 0.0 0.0 0.055 0.048 0.0 0.0 0.0 0.0
请问有大三大四的师兄师姐打算卖二手单车的吗~七成新以上 价格面谈 有意者请联系:916223781
0.0 0.0 0.0 0.0 0.0 0.0 0.0 0.0 0.0 0.0 0.0 0.0 0.0 0.0 0.0 0.0 0.0 0.0 0.0 0.062 0.0 0.0 0.0 0.0 0.0 0.048 0.0 0.0 0.0 0.0
走在贝岗街买了一堆水果，可是卖水果那个人脾气那么差，没有人会知道你在经历着怎么样困难的不可预测的处境，往往想到陌生人都对你如此恶劣，有可能因为陌生人的不友好成为压死骆驼的最后一根稻草。
0.0 0.0 0.0 0.103 0.0 0.0 0.0 0.0 0.0 0.0 0.0 0.0 0.0 0.0 0.0 0.0 0.0 0.0 0.062 0.0 0.0 0.0 0.0 0.0 0.0 0.0 0.0 0.0 0.0 0.0
有谁是日本代购，急需要一套化妆品，请私聊我微信18148729051
0.0 0.0 0.0 0.0 0.0 0.0 0.0 0.0 0.0 0.0 0.0 0.0 0.0 0.0 0.0 0.0 0.0 0.0 0.0 0.0 0.0 0.0 0.0 0.055 0.0 0.0 0.0 0.0 0.0 0.0
参加了工作白天没有时间复习怎么考研。下午下班回家都累，怎么坚持？
0.0 0.0 0.0 0.0 0.0 0.0 0.0 0.0 0.0 0.0 0.0 0.0 0.0 0.0 0.0 0.0 0.0 0.0 0.0 0.0 0.0 0.0 0.0 0.0 0.0 0.0 0.0 0.048 0.0 0.0
大学城里有愿意来做心理学实验被试的男同学吗？时间为这周末（14,15号），任一时间，只要你有空来。实验简单，时间为30分钟左右。结束后还有被试费和精美礼品。备注:实验真的很简单！有兴趣的快来咨询，电话16620149538。
0.0 0.0 0.0 0.0 0.0 0.0 0.0 0.0 0.0 0.0 0.0 0.0 0.0 0.0 0.0 0.0 0.0 0.0 0.0 0.062 0.0 0.0 0.0 0.0 0.0 0.0 0.0 0.0 0.0 0.0
我好像已经有购物狂症状了，控制不住自己线上线下狂买狂剁手，有什么办法可以治
0.0 0.0 0.0 0.0 0.0 0.0 0.0 0.0 0.076 0.0 0.076 0.0 0.0 0.0 0.0 0.0 0.0 0.0 0.0 0.0 0.0 0.0 0.055 0.0 0.0 0.0 0.0 0.0 0.0 0.0
广中医已毕业的师兄师姐创业项目入围挑战杯省赛，因成员繁忙，希望招募一位在校合伙人处理一些创业比赛事宜。也可以自行选择参与学习公司运营产品开发设计商务洽谈多种渠道销售网络运营等等。希望招到一位类似于CEO的人。vx：13751708765
0.0 0.0 0.0 0.103 0.103 0.0 0.0 0.0 0.0 0.0 0.076 0.0 0.0 0.0 0.0 0.0 0.0 0.0 0.0 0.0 0.0 0.0 0.0 0.0 0.0 0.0 0.0 0.0 0.0 0.048
请问有广中医马克思主义学院思政专业的拟录取或者在读研究生吗?本人后天复试调剂到这专业，想咨询一下，急求，请留言联系方式！
0.0 0.0 0.0 0.0 0.0 0.0 0.0 0.0 0.0 0.0 0.0 0.0 0.0 0.0 0.0 0.0 0.0 0.0 0.0 0.0 0.0 0.055 0.0 0.0 0.0 0.048 0.0 0.0 0.0 0.0
哪个大四的小姐姐可以卖洗衣机吗？拯救拯救四只可怜的小朋友。
0.0 0.129 0.0 0.0 0.0 0.0 0.083 0.0 0.0 0.0 0.0 0.0 0.0 0.0 0.0 0.062 0.0 0.0 0.0 0.0 0.0 0.0 0.0 0.0 0.0 0.0 0.0 0.0 0.0 0.0
有人出温通膏吗？多少钱一支，想收购五六只，坐标三元里
0.0 0.0 0.0 0.0 0.0 0.0 0.0 0.0 0.0 0.0 0.0 0.0 0.0 0.0 0.069 0.0 0.0 0.0 0.0 0.0 0.0 0.0 0.0 0.0 0.0 0.0 0.0 0.0 0.0 0.0
需要温通膏的和筋骨可以找我哟，温通膏涨价1.5，筋骨价格不变，非诚勿扰哈，一楼是我/::D
0.155 0.0 0.123 0.0 0.0 0.0 0.0 0.0 0.0 0.076 0.0 0.0 0.069 0.0 0.0 0.0 0.0 0.0 0.0 0.0 0.0 0.0 0.0 0.0 0.0 0.0 0.048 0.0 0.0 0.0
大学城出英专书籍若干3元一本/:sun/:sun/:sun欢迎点赞或评论
0.0 0.0 0.0 0.0 0.0 0.0 0.0 0.076 0.0 0.076 0.0 0.0 0.0 0.0 0.0 0.0 0.0 0.0 0.0 0.0 0.0 0.0 0.0 0.0 0.0 0.0 0.0 0.0 0.0 0.0
出第七版牛津字典一本￥20.00可议价
0.0 0.129 0.0 0.0 0.0 0.0 0.0 0.0 0.0 0.0 0.0 0.0 0.0 0.0 0.0 0.0 0.0 0.062 0.0 0.0 0.0 0.0 0.0 0.0 0.0 0.0 0.0 0.0 0.0 0.0
五月中旬有没有想在三元里村租房的？单间，安全干净，因为要去见习想要转租三个月
0.0 0.129 0.123 0.103 0.0 0.0 0.0 0.0 0.0 0.076 0.0 0.0 0.0 0.0 0.0 0.062 0.0 0.0 0.0 0.0 0.0 0.0 0.0 0.0 0.055 0.0 0.048 0.0 0.0 0.0
出售书籍啦，中诊五块一本，傲世宝典（2017）五块一本，人解图谱35一本，其余十五块一本，中药送快快，针灸送习题集，外科学和中医外科学送考试重点和整理的往届试题。坐标三元里，大学城的可以送过去。有意者请联系13418175417
0.0 0.129 0.123 0.103 0.0 0.0 0.0 0.0 0.0 0.076 0.0 0.0 0.0 0.0 0.0 0.062 0.0 0.0 0.0 0.0 0.0 0.0 0.0 0.0 0.055 0.0 0.048 0.0 0.0 0.0
出售书籍啦，中诊五块一本，傲世宝典（2017）五块一本，人解图谱35一本，其余十五块一本，中药送快快，针灸送习题集，外科学和中医外科学送考试重点和整理的往届试题。坐标三元里，大学城的可以送过去。有意者请联系13418175417
0.155 0.0 0.0 0.0 0.0 0.0 0.0 0.0 0.0 0.0 0.0 0.0 0.0 0.0 0.069 0.0 0.0 0.0 0.0 0.0 0.0 0.0 0.055 0.0 0.0 0.0 0.0 0.0 0.048 0.0
5.8毕业照，征收一位跟拍，价格好商量，哈哈，有意评论留下联系方式
0.0 0.0 0.0 0.0 0.0 0.096 0.0 0.0 0.0 0.0 0.0 0.0 0.0 0.0 0.0 0.0 0.062 0.0 0.0 0.0 0.055 0.0 0.0 0.0 0.0 0.0 0.0 0.0 0.0 0.0
问个问题，如果每天你在宿舍写论文的时候舍友每天都会和男友电话，每次打电话半小时一个多小时都有，而且音量是正常的不会故意小声有时候甚至大喊大叫。那想问，舍友在写论文的时候我能外放看电视吗，因为平时不喜欢戴耳机，这没毛病吧？
0.155 0.0 0.123 0.0 0.0 0.0 0.0 0.076 0.0 0.0 0.076 0.0 0.069 0.0 0.0 0.0 0.0 0.0 0.0 0.0 0.0 0.0 0.0 0.0 0.055 0.0 0.0 0.0 0.0 0.0
因资金周转不灵，出小涴熊电煮锅全新一个(拆快递为了拍照...)广中医(大学城校区35元)，其他地方包邮40出，有意者评论找我
0.155 0.129 0.123 0.0 0.0 0.0 0.0 0.0 0.076 0.076 0.0 0.0 0.069 0.0 0.0 0.0 0.0 0.0 0.062 0.0 0.0 0.0 0.0 0.0 0.0 0.0 0.048 0.0 0.0 0.0
大四师姐实习离校带不走书籍，有需要的师弟师妹收留，课本10元一本，龙凤诀快快必背速记5元一本，大学城校区可在星期三星期五拿书，三元里校区随时都可以，在下方评论即可，我私聊你
0.0 0.0 0.0 0.0 0.0 0.0 0.083 0.0 0.0 0.0 0.0 0.0 0.0 0.0 0.0 0.0 0.0 0.0 0.0 0.0 0.0 0.0 0.0 0.0 0.0 0.0 0.0 0.0 0.0 0.0
有人试过网上再签注港澳通行证选择快递的吗？是要支付签证费后才会过来收证吗？大概什么时候会上门收快递？求解答
0.155 0.129 0.123 0.0 0.0 0.0 0.0 0.0 0.076 0.076 0.0 0.0 0.069 0.0 0.0 0.0 0.0 0.0 0.062 0.0 0.0 0.0 0.0 0.0 0.0 0.0 0.048 0.0 0.0 0.0
大四师姐实习离校带不走书籍，有需要的师弟师妹收留，课本10元一本，龙凤诀快快必背速记5元一本，大学城校区可在星期三星期五拿书，三元里校区随时都可以，在下方评论即可，我私聊你
0.0 0.0 0.0 0.0 0.0 0.096 0.0 0.0 0.0 0.0 0.0 0.0 0.0 0.0 0.0 0.0 0.0 0.0 0.0 0.0 0.055 0.0 0.0 0.0 0.0 0.0 0.0 0.0 0.0 0.0
那些说冤冤相报的想太多了吧，因为耳朵听力不好，说了平时不喜欢戴耳机，也不是因为想报仇，平时就喜欢看电视，那既然舍友都不管自己煲电话粥影响别人，那我何苦要委屈自己？是这样子吗？
0.0 0.0 0.0 0.0 0.0 0.0 0.0 0.0 0.0 0.0 0.0 0.0 0.0 0.0 0.069 0.0 0.0 0.0 0.0 0.0 0.0 0.0 0.0 0.055 0.0 0.0 0.0 0.048 0.0 0.0
0 19考研的师弟师妹看过来，考研参考书和复习资料大甩卖啦！！！  中国药科大学药理学资料、四川大学华西药学院资料，详细书目和价格看下图。PS:所售资料提供售后服务。联系方式：微信   qiaoyamin188;QQ1009227657。
0.0 0.0 0.0 0.0 0.0 0.0 0.0 0.076 0.0 0.0 0.076 0.0 0.0 0.0 0.069 0.0 0.0 0.0 0.0 0.0 0.0 0.0 0.0 0.055 0.055 0.0 0.0 0.0 0.0 0.0
出中药综合，政治，英语考研资料，价格好商量，书价的2折左右。广中医本校的，有意者加QQ2496749715，备注考研资料。
0.0 0.0 0.0 0.103 0.0 0.0 0.0 0.0 0.0 0.0 0.0 0.0 0.0 0.0 0.0 0.0 0.0 0.0 0.0 0.0 0.0 0.0 0.0 0.0 0.0 0.0 0.0 0.0 0.0 0.0
请各位不要在图书馆的书上书写做笔记好吗，用铅笔画了不擦掉留着给我擦吗？
0.0 0.0 0.123 0.103 0.0 0.0 0.0 0.0 0.0 0.0 0.0 0.0 0.0 0.0 0.0 0.0 0.0 0.0 0.0 0.0 0.0 0.0 0.0 0.0 0.0 0.0 0.0 0.0 0.0 0.0
大学城求借一件小号女装正装，请吃饭或者奶茶！！！
0.0 0.0 0.0 0.103 0.103 0.0 0.0 0.0 0.076 0.0 0.076 0.0 0.0 0.069 0.0 0.0 0.062 0.0 0.0 0.0 0.0 0.0 0.0 0.055 0.0 0.0 0.0 0.0 0.0 0.048
请问有考研录取了广东省第二中医院的小仙女吗？本人广中医学生，想提前组一下宿舍，之前咨询过师姐关于宿舍的问题，希望能找到早睡爱清洁待人友好的同学一起组宿舍（3人），有意愿请在下方留言哦，感谢～
0.155 0.129 0.123 0.0 0.0 0.0 0.0 0.0 0.0 0.0 0.0 0.0 0.0 0.069 0.0 0.0 0.0 0.0 0.0 0.0 0.0 0.0 0.0 0.0 0.0 0.0 0.0 0.0 0.0 0.0
大学城到三元里的校车早晨几点发车啊，知道的同学麻烦评论一下，非常感谢了[飞吻] [飞吻] [飞吻]
0.0 0.0 0.0 0.0 0.0 0.0 0.0 0.0 0.0 0.0 0.0 0.0 0.0 0.0 0.0 0.0 0.062 0.0 0.0 0.0 0.0 0.0 0.0 0.0 0.0 0.0 0.0 0.0 0.0 0.0
大家怎么看待室友在宿舍只要有空就和男朋友视频吧啦吧啦的不停声音还不小？？？
0.0 0.0 0.0 0.0 0.0 0.096 0.0 0.0 0.0 0.0 0.0 0.0 0.0 0.0 0.0 0.0 0.0 0.0 0.0 0.0 0.0 0.0 0.0 0.0 0.0 0.0 0.0 0.0 0.0 0.0
遇到一个从长相到人品等各方面都十分优秀的男生，优秀到让我觉得他没有缺点，可能唯一的缺点就是他不喜欢我，哈哈！每天都希望见到他，哪怕一句话不说都很开心，就喜欢默默地望着他的背影发呆，超安心！虽然讲出来他也看不到，但是已经很满足啦！啦啦啦~
0.0 0.129 0.0 0.0 0.0 0.0 0.0 0.0 0.0 0.0 0.0 0.0 0.0 0.0 0.0 0.0 0.0 0.0 0.0 0.0 0.0 0.0 0.0 0.0 0.0 0.0 0.0 0.0 0.0 0.0
老师姐试着再发一下：三元里实验室需要一名助理，实验内容简单，每天只要去一下帮忙照顾动物敢抓动物负责任即可，顺利的话20天左右就结束，酬劳400，你也可以学到东西锻炼能力，欢迎骚扰376748693（vx）
0.0 0.129 0.0 0.0 0.0 0.096 0.0 0.0 0.0 0.076 0.0 0.0 0.0 0.0 0.0 0.062 0.0 0.0 0.0 0.0 0.0 0.0 0.0 0.0 0.0 0.0 0.0 0.0 0.0 0.048
旧书出售，坐标三元里，此外还有两本组胚，一本医免，一本医学文献检索，全部十元一本。喜欢的话给我留言吧
0.0 0.0 0.0 0.103 0.0 0.0 0.083 0.0 0.0 0.0 0.0 0.0 0.0 0.069 0.0 0.0 0.0 0.0 0.0 0.0 0.0 0.0 0.0 0.0 0.0 0.0 0.0 0.0 0.0 0.0
请阮玉同学来门诊部拿回你的身份证，有人捡到交给了门诊部一楼挂号厅
0.0 0.0 0.0 0.103 0.0 0.0 0.0 0.0 0.0 0.0 0.0 0.0 0.069 0.069 0.0 0.0 0.0 0.0 0.0 0.0 0.0 0.0 0.0 0.0 0.0 0.0 0.0 0.0 0.0 0.0
明天晚上七点的“琵琶大师”杏林大讲堂，有有空的同学吗？10元请你帮我去听一下可以吗？人到就行！
0.0 0.0 0.0 0.0 0.0 0.0 0.0 0.0 0.0 0.0 0.0 0.069 0.0 0.0 0.0 0.0 0.0 0.0 0.0 0.0 0.055 0.0 0.0 0.0 0.0 0.0 0.0 0.0 0.0 0.0
舍友被某女生神秘暗示以后不敢再理她，怕被误解对其有意思，震惊，没有感情经历的我真的无法理解他们的世界
0.0 0.0 0.0 0.0 0.0 0.0 0.0 0.0 0.0 0.0 0.0 0.0 0.0 0.0 0.069 0.0 0.0 0.0 0.0 0.062 0.0 0.0 0.0 0.0 0.0 0.0 0.0 0.0 0.0 0.0
周日去香港啦啦啦～有小伙伴需要买东西的吗～需要的可以➕微信：13631263820 价格优惠丫丫～
0.0 0.0 0.0 0.0 0.0 0.0 0.0 0.0 0.0 0.0 0.0 0.0 0.0 0.069 0.0 0.0 0.0 0.0 0.0 0.0 0.0 0.055 0.0 0.0 0.0 0.048 0.0 0.0 0.0 0.0
今年风华国贸有同学有摊位需要合租的吗？小姐姐想带儿子来卖小鱼干呀[Smirk][Smirk][Smirk]对，没错，就是去年那只小网红[幽灵][幽灵][幽灵]
0.0 0.0 0.0 0.0 0.0 0.096 0.0 0.0 0.0 0.0 0.0 0.0 0.0 0.0 0.0 0.0 0.0 0.0 0.0 0.0 0.0 0.0 0.0 0.0 0.0 0.0 0.0 0.0 0.0 0.0
小公主马上要生小宝宝了，有喜欢美短可以找我呀！[幽灵]妈妈是起司，爸爸是标斑！
0.155 0.129 0.0 0.0 0.0 0.0 0.0 0.0 0.0 0.0 0.0 0.069 0.0 0.0 0.0 0.0 0.0 0.0 0.0 0.0 0.0 0.0 0.0 0.0 0.0 0.0 0.0 0.0 0.048 0.0
三元里小区，交电新村三房一厅出租一个小房，限女生，现有三个女生，都是在一附院工作的，家私电器都有，空调洗衣机冰箱都齐全，只要500一间房！！！有意点赞或评论
0.155 0.0 0.123 0.103 0.103 0.0 0.0 0.0 0.0 0.0 0.0 0.069 0.0 0.0 0.0 0.0 0.0 0.0 0.062 0.0 0.0 0.0 0.0 0.0 0.055 0.0 0.0 0.0 0.0 0.0
请问大学城有女生租床位吗？现在开始租到9月份，本人好相处，无不良嗜好。有意者请评论，私聊你，谢谢！急！！
0.155 0.129 0.0 0.0 0.0 0.0 0.0 0.0 0.076 0.0 0.0 0.069 0.0 0.0 0.069 0.062 0.062 0.0 0.0 0.0 0.0 0.0 0.055 0.0 0.055 0.0 0.0 0.0 0.0 0.0
大五师姐毕业季要拍宿舍写真，有没有高手愿意承接拍摄，价格可议。要求：女生，自备相机，坐标三元里。有意者留下评论我私信你。
0.0 0.129 0.0 0.0 0.0 0.0 0.0 0.0 0.0 0.0 0.0 0.0 0.0 0.0 0.0 0.0 0.0 0.0 0.0 0.0 0.0 0.0 0.0 0.0 0.0 0.0 0.0 0.0 0.0 0.0
有師兄師姐三元里有大單間轉租嗎？請評論或按讚
0.0 0.0 0.0 0.0 0.103 0.0 0.0 0.0 0.0 0.0 0.0 0.0 0.0 0.0 0.0 0.0 0.0 0.0 0.0 0.0 0.0 0.0 0.055 0.0 0.0 0.0 0.0 0.048 0.0 0.0
听说大学会发对象，请问什么时候发，再不发就毕业啦……
0.0 0.0 0.0 0.0 0.0 0.096 0.0 0.0 0.0 0.0 0.0 0.0 0.0 0.0 0.0 0.0 0.0 0.0 0.0 0.0 0.0 0.0 0.0 0.0 0.0 0.0 0.0 0.0 0.0 0.0
so…男生一般是喜欢御姐型还是小小的可爱型？
0.0 0.0 0.0 0.0 0.0 0.0 0.0 0.076 0.0 0.0 0.0 0.0 0.0 0.0 0.0 0.0 0.0 0.0 0.0 0.0 0.0 0.0 0.0 0.0 0.0 0.0 0.0 0.0 0.0 0.0
求美瞳！300度-600度都行，日抛或者周抛都行，要自然点的例如棕色，全新无散光的哦，有囤货的小仙女麻烦出一副让我应急谢谢~
0.0 0.0 0.0 0.0 0.0 0.0 0.0 0.0 0.0 0.0 0.0 0.0 0.0 0.0 0.0 0.0 0.0 0.0 0.0 0.0 0.0 0.0 0.0 0.0 0.0 0.0 0.0 0.048 0.0 0.0
确认过眼神，你是我友人爱情有一见钟情，友谊却没类似描述。高中时，即使同性偶然相遇有那种感觉，虽说没就此认识，但基数小，很容易因为身边人认识而大学，好像与异性的一见钟情就只有爱情，搭讪似乎不理智分享各自专业不同点等，有空慢慢聊可能成友
0.0 0.0 0.123 0.0 0.0 0.0 0.0 0.0 0.0 0.0 0.076 0.0 0.0 0.0 0.0 0.0 0.0 0.0 0.0 0.0 0.0 0.0 0.0 0.0 0.0 0.0 0.0 0.0 0.0 0.0
想问下广中医大学城校医室网上哪个网址可以挂号？
0.0 0.0 0.0 0.0 0.103 0.0 0.0 0.0 0.0 0.0 0.0 0.0 0.0 0.0 0.0 0.0 0.0 0.0 0.0 0.0 0.0 0.0 0.0 0.0 0.0 0.0 0.0 0.0 0.0 0.0
请问哪位童鞋在学校办理过签证护照通行证？户口在外地，在读研究生。感谢/:rose/:rose/:rose
0.155 0.0 0.0 0.0 0.103 0.0 0.0 0.0 0.0 0.0 0.0 0.069 0.0 0.0 0.0 0.0 0.0 0.0 0.0 0.0 0.0 0.0 0.0 0.0 0.0 0.0 0.0 0.0 0.0 0.0
请问有没有想7月份之后想在国际楼合租一年左右，要求女的，不能太邋遢，没什么不良嗜好就可以了！或者有没有女生找合租的也可以在底下评论
0.0 0.129 0.0 0.0 0.103 0.0 0.0 0.0 0.076 0.0 0.0 0.0 0.0 0.0 0.0 0.0 0.0 0.0 0.0 0.0 0.0 0.0 0.0 0.0 0.0 0.0 0.0 0.0 0.0 0.0
请问三元里有师兄师姐转租房子的吗？学生宿舍单间那种也行。
0.155 0.0 0.123 0.0 0.0 0.0 0.0 0.0 0.0 0.076 0.0 0.0 0.069 0.0 0.0 0.0 0.0 0.0 0.0 0.0 0.0 0.0 0.0 0.0 0.0 0.0 0.048 0.0 0.0 0.0
大学城出英专书籍若干3元一本/:sun/:sun/:sun欢迎点赞或评论
0.0 0.0 0.0 0.103 0.103 0.0 0.0 0.0 0.0 0.0 0.0 0.0 0.0 0.0 0.069 0.0 0.0 0.0 0.0 0.0 0.0 0.0 0.0 0.0 0.0 0.0 0.0 0.0 0.0 0.048
请问有没有人代写中医方面的总结的呀 内容不多 价格100起 有意向的请留言
0.0 0.0 0.0 0.0 0.103 0.0 0.0 0.0 0.0 0.0 0.076 0.0 0.0 0.0 0.0 0.0 0.0 0.0 0.0 0.0 0.0 0.0 0.0 0.0 0.0 0.0 0.0 0.0 0.0 0.0
请问广中医什么时候开空调，实在是热得睡不着，凌晨两点了，凉凉
0.0 0.0 0.0 0.0 0.0 0.096 0.0 0.0 0.0 0.0 0.0 0.0 0.0 0.0 0.0 0.0 0.0 0.0 0.0 0.0 0.0 0.0 0.0 0.0 0.0 0.0 0.0 0.0 0.0 0.0
喜欢上一个人可以给你满满正能量，也能让你负能量爆表，每一天过得都是那么漫长
0.0 0.0 0.0 0.0 0.0 0.0 0.0 0.0 0.0 0.0 0.0 0.0 0.0 0.069 0.0 0.0 0.0 0.0 0.062 0.0 0.0 0.0 0.0 0.0 0.0 0.0 0.0 0.0 0.0 0.0
有同学方便出上网账号吗？4.14-4.17一共四天每天一块。大四老师姐要上网又不想浪费充一个月，方便的同学私聊我，一楼是我，谢谢[鬼脸二]
0.0 0.0 0.0 0.0 0.0 0.0 0.0 0.076 0.0 0.0 0.0 0.0 0.0 0.0 0.0 0.0 0.0 0.0 0.0 0.0 0.0 0.0 0.0 0.0 0.0 0.0 0.0 0.0 0.0 0.0
泰国mistine粉底液 防汗控油效果很好 剩一半 闲置[钱]15出
0.0 0.0 0.0 0.0 0.103 0.0 0.0 0.0 0.0 0.0 0.0 0.0 0.0 0.0 0.0 0.0 0.0 0.0 0.0 0.0 0.0 0.0 0.0 0.0 0.0 0.0 0.0 0.0 0.0 0.0
请问13届中西医的林泽师兄有女朋友吗？[Smirk][Smirk]
0.155 0.0 0.0 0.0 0.0 0.0 0.0 0.076 0.0 0.0 0.0 0.0 0.0 0.0 0.0 0.0 0.0 0.0 0.0 0.0 0.0 0.0 0.0 0.0 0.0 0.0 0.0 0.0 0.048 0.0
出一个全新日版rosette海泥洗面奶，右边那个是全新的！包装都没撕。松本清69两只入手，要的30那走吧。有意评论哦
0.0 0.129 0.0 0.0 0.103 0.0 0.0 0.0 0.0 0.0 0.0 0.0 0.0 0.069 0.0 0.0 0.0 0.0 0.0 0.0 0.0 0.0 0.0 0.0 0.0 0.0 0.0 0.0 0.0 0.0
本人女，五月份要跟诊暂定跟一个月，请问三元里校区同学有女生宿舍床位出租吗可交付适当租金。谢谢！
0.0 0.0 0.0 0.0 0.0 0.096 0.0 0.0 0.0 0.0 0.0 0.0 0.0 0.0 0.0 0.0 0.0 0.0 0.0 0.0 0.0 0.0 0.0 0.0 0.0 0.0 0.0 0.0 0.0 0.0
其实我还喜欢你，说放弃不过为了让你不那么困扰。可是你好像有女朋友了，我是不是应该祝你幸福，那你一定要幸福哦，也希望有一天我可以不再那么喜欢你，我有在努力的了，假如有一天你发现她不是对的人，你还会看得到我吗？
0.0 0.0 0.0 0.0 0.0 0.0 0.0 0.0 0.0 0.0 0.0 0.0 0.0 0.0 0.0 0.0 0.0 0.0 0.0 0.0 0.0 0.0 0.0 0.0 0.0 0.0 0.0 0.048 0.0 0.0
好想谈恋爱，大学四年一个人研究生三年不想再一个人，你在哪里啊男朋友！
0.0 0.0 0.0 0.0 0.0 0.096 0.0 0.0 0.0 0.0 0.0 0.0 0.0 0.0 0.0 0.0 0.0 0.0 0.0 0.0 0.0 0.0 0.0 0.0 0.0 0.048 0.0 0.0 0.0 0.0
纯银耳夹耳钉有喜欢的吗？没耳洞也可以美美美！如果有喜欢的话，风华国贸卖好不好？[Smart][Smart]
0.0 0.0 0.0 0.0 0.0 0.096 0.0 0.0 0.0 0.0 0.0 0.0 0.0 0.0 0.0 0.0 0.0 0.0 0.0 0.0 0.0 0.0 0.0 0.0 0.0 0.048 0.0 0.0 0.0 0.0
纯银耳夹耳钉有喜欢的吗？没耳洞也可以美美美！如果有喜欢的话，风华国贸卖好不好？[Smart][Smart]发不了图的绝望呀！
0.0 0.0 0.0 0.0 0.0 0.096 0.0 0.0 0.0 0.0 0.0 0.0 0.0 0.0 0.0 0.0 0.0 0.0 0.0 0.0 0.0 0.0 0.0 0.0 0.0 0.0 0.0 0.0 0.0 0.0
每次你靠近我我就心跳加速脑袋短路！喜欢你和我讲话时眼神对视，喜欢你嘴角上扬45°的笑容，喜欢运动的你，喜欢安静的你，喜欢偷偷看你，喜欢跟你去任何地方，喜欢陪你做任何事，喜欢你喜欢的一切！最重要的是，喜欢你！
0.0 0.0 0.0 0.0 0.0 0.0 0.0 0.0 0.0 0.0 0.0 0.0 0.0 0.0 0.0 0.0 0.0 0.0 0.0 0.0 0.0 0.0 0.055 0.055 0.0 0.0 0.0 0.0 0.0 0.0
本人18考研失利，现准备二战，但最近实在没心情学习，所以准备先找个工作，等到毕业后辞职复习，我这样做错了吗？
0.0 0.0 0.0 0.0 0.0 0.0 0.0 0.0 0.0 0.0 0.0 0.0 0.0 0.0 0.0 0.0 0.0 0.062 0.0 0.0 0.0 0.0 0.0 0.0 0.0 0.0 0.0 0.0 0.0 0.0
小哥哥我昨天好累啊，想要一个拥抱的表情包和一句晚安，因为我还要满血复活。
0.0 0.0 0.0 0.0 0.0 0.096 0.0 0.0 0.0 0.0 0.0 0.0 0.0 0.0 0.0 0.0 0.0 0.0 0.0 0.0 0.0 0.0 0.0 0.0 0.0 0.0 0.0 0.0 0.0 0.0
真的很不喜欢把心事都藏心里，每天偷偷哭泣的朋友啊，这会让我觉得是自己的错，很罪恶，是我自己做得不够好，朋友才会什么都不告诉自己，可是我已经尽力了。其实每次都好痛苦，这种友情对于我来说，是种折磨。
0.0 0.0 0.0 0.0 0.0 0.0 0.0 0.0 0.0 0.0 0.0 0.0 0.0 0.0 0.0 0.0 0.0 0.0 0.0 0.0 0.0 0.055 0.0 0.0 0.0 0.0 0.0 0.0 0.0 0.0
小姐姐们，去年摆摊剩下的鞋子现在全部亏本15块一双！25块两双啦！经过验证，质量超级无敌赞！ps我的一双穿到现在没烂！摊位A5[强壮][强壮]就是那个有猫有耳钉有耳夹有帽子有布包有胸针有挂饰的小姐姐！！！
0.0 0.0 0.0 0.0 0.0 0.0 0.0 0.0 0.0 0.0 0.076 0.0 0.0 0.0 0.0 0.0 0.0 0.0 0.0 0.0 0.0 0.0 0.055 0.0 0.0 0.0 0.0 0.0 0.0 0.0
希望学校不要再为了赚钱在jk栋楼下整这些乱七八糟的东西扰民^_^呵呵，一个美好的周末全被毁了，快毕业了，对广中医的失望点真是十个手指都数不完。手动微笑[微笑]
0.0 0.0 0.0 0.0 0.0 0.0 0.0 0.0 0.0 0.0 0.0 0.0 0.0 0.0 0.0 0.0 0.0 0.0 0.0 0.062 0.0 0.0 0.0 0.0 0.0 0.0 0.0 0.0 0.0 0.0
十块钱拿走！泰国mistine牛奶卸妆乳，淡淡的牛奶味，卸妆干净温和。大概还剩四十毫升左右吧，买了很多卸妆水用不上这个了。十块钱拿走吧！我在一楼
0.0 0.129 0.0 0.0 0.0 0.0 0.083 0.0 0.0 0.0 0.0 0.0 0.0 0.0 0.0 0.062 0.0 0.0 0.0 0.0 0.0 0.0 0.0 0.0 0.0 0.0 0.0 0.0 0.0 0.0
（点外卖是不可能点的，这辈子都不可能点的hh）三元里也有人偷外卖啦，坐标9栋，大家小心哟
0.0 0.0 0.123 0.0 0.0 0.0 0.0 0.0 0.0 0.0 0.0 0.0 0.0 0.0 0.0 0.0 0.0 0.0 0.0 0.0 0.0 0.0 0.0 0.055 0.0 0.0 0.0 0.0 0.0 0.0
二院大四即将实习，有考研打算，想问省中医和五邑怎么样？省中医轮院，大学城住宿?
0.0 0.0 0.123 0.0 0.0 0.0 0.0 0.0 0.0 0.0 0.0 0.0 0.0 0.069 0.0 0.0 0.0 0.0 0.0 0.0 0.0 0.0 0.0 0.0 0.0 0.0 0.0 0.0 0.0 0.0
医保被定在外面的小点了，可以用同学的医保挂同学的号然后我去看吗？大学城校医室~
0.155 0.0 0.0 0.0 0.0 0.0 0.0 0.0 0.0 0.0 0.0 0.0 0.0 0.0 0.069 0.0 0.0 0.0 0.0 0.062 0.0 0.0 0.0 0.0 0.0 0.0 0.0 0.0 0.0 0.0
有128g的苹果二手机吗？我想买，评论留颜色价格，我私信你
0.0 0.0 0.0 0.0 0.0 0.0 0.0 0.0 0.0 0.0 0.0 0.0 0.0 0.0 0.0 0.0 0.0 0.062 0.0 0.0 0.0 0.0 0.0 0.0 0.0 0.0 0.0 0.0 0.0 0.0
五月中旬有没有想要租房的？一小单间想要转租三四个月，租金会比原租金便宜哦！
0.0 0.0 0.0 0.0 0.0 0.0 0.0 0.076 0.0 0.0 0.0 0.0 0.0 0.0 0.0 0.0 0.0 0.0 0.0 0.0 0.0 0.0 0.0 0.0 0.0 0.0 0.0 0.0 0.0 0.0
刚吃着个无穷鸡翅，咽下去的时候有条骨头卡在喉咙里，眼泪水都出了来，后来拼命咽才好不容易咽下去了，估计食道是不是已经划伤了，呜呜[大哭]
0.0 0.0 0.0 0.0 0.0 0.0 0.0 0.0 0.0 0.0 0.0 0.0 0.0 0.0 0.0 0.0 0.0 0.0 0.0 0.0 0.0 0.0 0.0 0.0 0.0 0.0 0.0 0.048 0.0 0.0
偷外卖的我祝你爸你妈出门被车撞，如果没有实现你得考虑下你是不是你爸你妈亲生的了/::)(还以为大学期间人品爆棚不会遇到这种事结果在最后一学期给遇到了，真的很生气/::))
0.0 0.0 0.0 0.0 0.0 0.0 0.0 0.0 0.0 0.0 0.0 0.0 0.0 0.0 0.0 0.0 0.062 0.0 0.0 0.0 0.0 0.0 0.0 0.0 0.0 0.0 0.0 0.0 0.0 0.0
天天在宿舍煲药，煲半天的那种，会不会超出很多电费啊，怕被室友嫌弃。
0.0 0.0 0.0 0.0 0.0 0.0 0.0 0.0 0.0 0.0 0.0 0.069 0.0 0.0 0.0 0.0 0.0 0.062 0.0 0.0 0.0 0.0 0.0 0.0 0.0 0.0 0.0 0.0 0.0 0.0
为什么有些女生会用自己的身体换取自己想要的东西？这样真的值得吗？出来社会后好像居然慢慢快要被同化，逐渐认同这种事情？还是我已经完全麻木了
0.0 0.0 0.0 0.0 0.0 0.0 0.0 0.0 0.0 0.0 0.0 0.0 0.0 0.0 0.0 0.0 0.0 0.0 0.0 0.0 0.055 0.0 0.0 0.0 0.0 0.0 0.0 0.0 0.0 0.0
接上条，舍友臭拖鞋。舍友很敏感，如果送她一双会觉得我们看不起她觉得她穷。而且我觉得送一对60块左右的拖鞋（本人觉得好一点不臭的鞋）对于我来说还是有点肉痛。
0.155 0.0 0.0 0.0 0.0 0.0 0.0 0.0 0.076 0.0 0.0 0.0 0.0 0.0 0.0 0.0 0.062 0.0 0.062 0.0 0.0 0.0 0.0 0.0 0.0 0.0 0.0 0.0 0.0 0.0
师姐搬宿舍，泳镜泳帽就上课戴过几次，不超过十次，还很新，要的话价钱你们看着给。要的评论私聊。
0.0 0.0 0.0 0.0 0.103 0.0 0.0 0.0 0.0 0.0 0.0 0.0 0.0 0.0 0.0 0.0 0.0 0.0 0.0 0.0 0.0 0.0 0.0 0.0 0.0 0.0 0.0 0.0 0.0 0.0
刚刚是我没说清楚，请问临床预备课考核是现场抽签的吗？谢谢～
0.0 0.0 0.0 0.0 0.0 0.0 0.083 0.076 0.0 0.0 0.0 0.0 0.0 0.0 0.0 0.0 0.0 0.0 0.0 0.0 0.0 0.0 0.0 0.0 0.0 0.0 0.0 0.0 0.0 0.0
有人出中药煲吗？或者有人代煎中药吗？[Facepalm]急需
0.0 0.0 0.0 0.0 0.0 0.0 0.0 0.0 0.0 0.0 0.0 0.0 0.0 0.0 0.0 0.0 0.0 0.0 0.0 0.0 0.0 0.055 0.0 0.0 0.0 0.0 0.0 0.0 0.0 0.0
有没有一起出去玩互相拍照的小姐姐哇  本人妹子(◦˙▽˙◦)
0.0 0.0 0.0 0.0 0.0 0.0 0.0 0.0 0.0 0.0 0.0 0.0 0.0 0.0 0.0 0.0 0.0 0.0 0.0 0.0 0.055 0.0 0.0 0.0 0.0 0.0 0.0 0.0 0.0 0.0
舍友的劣质拖鞋很臭，臭到我不通风就想干呕。我该怎么劝说让她换一双？前提是舍友很敏感平时还有点过分节俭。
